HIEROBJ  EWORLD                                             NONE                
ROOT                                                                            
1.0000000000000E+00 0.000000000000E+00  0.000000000000E+00  0.000000000000E+00  
0.000000000000E+00  1.0000000000000E+00 0.000000000000E+00  0.000000000000E+00  
0.000000000000E+00  0.000000000000E+00  1.0000000000000E+00 0.000000000000E+00  
0.000000000000E+00  0.000000000000E+00  0.000000000000E+00  1.0000000000000E+00 
HIEROBJ  EHIEROBJECT1                                       NONE                
BODYNCBF  WORLD                                   BODY1                         
1.0000000000000E+00 0.000000000000E+00  0.000000000000E+00  0.000000000000E+00  
0.000000000000E+00  1.0000000000000E+00 0.000000000000E+00  0.000000000000E+00  
0.000000000000E+00  0.000000000000E+00  1.0000000000000E+00 0.000000000000E+00  
0.000000000000E+00  0.000000000000E+00  0.000000000000E+00  1.0000000000000E+00 
HIEROBJ  EHIEROBJECT2                                       NONE                
CGTRIAD   HIEROBJECT1                                                           
-1.155401103929E-03 -2.107689977080E-06 9.9999933252170E-01 0.000000000000E+00  
8.8696204274950E-04 9.9999960664418E-01 3.1324881622115E-06 0.000000000000E+00  
-9.999989391727E-01 8.8696507000187E-04 -1.155398780005E-03 0.000000000000E+00  
1.7374734273976E+02 -1.000000000000E+02 2.0552316446457E+01 1.0000000000000E+00 
HIEROBJ  EHIEROBJECT3                                       NONE                
BODYNCBF  WORLD                                   BODY2                         
1.0000000000000E+00 0.000000000000E+00  0.000000000000E+00  0.000000000000E+00  
0.000000000000E+00  1.0000000000000E+00 0.000000000000E+00  0.000000000000E+00  
0.000000000000E+00  0.000000000000E+00  1.0000000000000E+00 0.000000000000E+00  
0.000000000000E+00  0.000000000000E+00  0.000000000000E+00  1.0000000000000E+00 
HIEROBJ  EHIEROBJECT4                                       NONE                
CGTRIAD   HIEROBJECT3                                                           
-2.370186734517E-01 -4.065925790059E-03 9.7149658603758E-01 0.000000000000E+00  
-3.082060497737E-02 9.9951936460119E-01 -3.336179860126E-03 0.000000000000E+00  
-9.710160857288E-01 -3.073284943997E-02 -2.370300681797E-01 0.000000000000E+00  
3.3504464740157E+01 -1.034400652417E+02 6.0063369737795E+01 1.0000000000000E+00 
HIEROBJ  EHIEROBJECT5                                       NONE                
BODYNCBF  WORLD                                   BODY3                         
1.0000000000000E+00 0.000000000000E+00  0.000000000000E+00  0.000000000000E+00  
0.000000000000E+00  1.0000000000000E+00 0.000000000000E+00  0.000000000000E+00  
0.000000000000E+00  0.000000000000E+00  1.0000000000000E+00 0.000000000000E+00  
0.000000000000E+00  0.000000000000E+00  0.000000000000E+00  1.0000000000000E+00 
HIEROBJ  EHIEROBJECT6                                       NONE                
CGTRIAD   HIEROBJECT5                                                           
0.000000000000E+00  1.0000000000000E+00 0.000000000000E+00  0.000000000000E+00  
2.1341560006578E-05 0.000000000000E+00  9.9999999977227E-01 0.000000000000E+00  
9.9999999977227E-01 0.000000000000E+00  -2.134156000658E-05 0.000000000000E+00  
4.0078593743307E+01 -1.196555776854E+02 6.4185112461417E+01 1.0000000000000E+00 
HIEROBJ  EHIEROBJECT7                                       NONE                
BODYNCBF  WORLD                                   BODY4                         
1.0000000000000E+00 0.000000000000E+00  0.000000000000E+00  0.000000000000E+00  
0.000000000000E+00  1.0000000000000E+00 0.000000000000E+00  0.000000000000E+00  
0.000000000000E+00  0.000000000000E+00  1.0000000000000E+00 0.000000000000E+00  
0.000000000000E+00  0.000000000000E+00  0.000000000000E+00  1.0000000000000E+00 
HIEROBJ  EHIEROBJECT8                                       NONE                
CGTRIAD   HIEROBJECT7                                                           
0.000000000000E+00  1.0000000000000E+00 0.000000000000E+00  0.000000000000E+00  
2.1341559997837E-05 0.000000000000E+00  9.9999999977227E-01 0.000000000000E+00  
9.9999999977227E-01 0.000000000000E+00  -2.134155999784E-05 0.000000000000E+00  
4.0078593743307E+01 -1.196555776854E+02 5.9185112461417E+01 1.0000000000000E+00 
HIEROBJ  EHIEROBJECT9                                       NONE                
BODYNCBF  WORLD                                   BODY5                         
1.0000000000000E+00 0.000000000000E+00  0.000000000000E+00  0.000000000000E+00  
0.000000000000E+00  1.0000000000000E+00 0.000000000000E+00  0.000000000000E+00  
0.000000000000E+00  0.000000000000E+00  1.0000000000000E+00 0.000000000000E+00  
0.000000000000E+00  0.000000000000E+00  0.000000000000E+00  1.0000000000000E+00 
HIEROBJ  EHIEROBJECT10                                      NONE                
CGTRIAD   HIEROBJECT9                                                           
0.000000000000E+00  1.0000000000000E+00 0.000000000000E+00  0.000000000000E+00  
-3.742700563300E-01 0.000000000000E+00  9.2731975334008E-01 0.000000000000E+00  
9.2731975334008E-01 0.000000000000E+00  3.7427005633004E-01 0.000000000000E+00  
5.6300941198031E+01 -1.017264438272E+02 6.6291506555118E+01 1.0000000000000E+00 
HIEROBJ  EHIEROBJECT11                                      NONE                
BODYNCBF  WORLD                                   BODY6                         
1.0000000000000E+00 0.000000000000E+00  0.000000000000E+00  0.000000000000E+00  
0.000000000000E+00  1.0000000000000E+00 0.000000000000E+00  0.000000000000E+00  
0.000000000000E+00  0.000000000000E+00  1.0000000000000E+00 0.000000000000E+00  
0.000000000000E+00  0.000000000000E+00  0.000000000000E+00  1.0000000000000E+00 
HIEROBJ  EHIEROBJECT12                                      NONE                
CGTRIAD   HIEROBJECT11                                                          
0.000000000000E+00  1.0000000000000E+00 0.000000000000E+00  0.000000000000E+00  
-3.750868393817E-01 0.000000000000E+00  9.2698967789432E-01 0.000000000000E+00  
9.2698967789432E-01 0.000000000000E+00  3.7508683938175E-01 0.000000000000E+00  
5.7121469956299E+01 -1.017264438272E+02 6.1333241890551E+01 1.0000000000000E+00 
HIEROBJ  EHIEROBJECT13                                      NONE                
BODYNCBF  WORLD                                   BODY7                         
1.0000000000000E+00 0.000000000000E+00  0.000000000000E+00  0.000000000000E+00  
0.000000000000E+00  1.0000000000000E+00 0.000000000000E+00  0.000000000000E+00  
0.000000000000E+00  0.000000000000E+00  1.0000000000000E+00 0.000000000000E+00  
0.000000000000E+00  0.000000000000E+00  0.000000000000E+00  1.0000000000000E+00 
HIEROBJ  EHIEROBJECT14                                      NONE                
CGTRIAD   HIEROBJECT13                                                          
0.000000000000E+00  1.0000000000000E+00 0.000000000000E+00  0.000000000000E+00  
2.1341560006578E-05 0.000000000000E+00  9.9999999977227E-01 0.000000000000E+00  
9.9999999977227E-01 0.000000000000E+00  -2.134156000658E-05 0.000000000000E+00  
4.0078593743307E+01 -8.697841233110E+01 6.4185112461417E+01 1.0000000000000E+00 
HIEROBJ  EHIEROBJECT15                                      NONE                
BODYNCBF  WORLD                                   BODY8                         
1.0000000000000E+00 0.000000000000E+00  0.000000000000E+00  0.000000000000E+00  
0.000000000000E+00  1.0000000000000E+00 0.000000000000E+00  0.000000000000E+00  
0.000000000000E+00  0.000000000000E+00  1.0000000000000E+00 0.000000000000E+00  
0.000000000000E+00  0.000000000000E+00  0.000000000000E+00  1.0000000000000E+00 
HIEROBJ  EHIEROBJECT16                                      NONE                
CGTRIAD   HIEROBJECT15                                                          
0.000000000000E+00  1.0000000000000E+00 0.000000000000E+00  0.000000000000E+00  
2.1341559997837E-05 0.000000000000E+00  9.9999999977227E-01 0.000000000000E+00  
9.9999999977227E-01 0.000000000000E+00  -2.134155999784E-05 0.000000000000E+00  
4.0078593743307E+01 -8.697841233110E+01 5.9185112461417E+01 1.0000000000000E+00 
HIEROBJ  EHIEROBJECT17                                      NONE                
BODYNCBF  WORLD                                   BODY9                         
1.0000000000000E+00 0.000000000000E+00  0.000000000000E+00  0.000000000000E+00  
0.000000000000E+00  1.0000000000000E+00 0.000000000000E+00  0.000000000000E+00  
0.000000000000E+00  0.000000000000E+00  1.0000000000000E+00 0.000000000000E+00  
0.000000000000E+00  0.000000000000E+00  0.000000000000E+00  1.0000000000000E+00 
HIEROBJ  EHIEROBJECT18                                      NONE                
CGTRIAD   HIEROBJECT17                                                          
0.000000000000E+00  1.0000000000000E+00 0.000000000000E+00  0.000000000000E+00  
9.9999999976430E-01 0.000000000000E+00  -2.171192000039E-05 0.000000000000E+00  
-2.171192000039E-05 0.000000000000E+00  -9.999999997643E-01 0.000000000000E+00  
3.0236079533858E+01 -1.208366800476E+02 5.4268499327165E+01 1.0000000000000E+00 
HIEROBJ  EHIEROBJECT19                                      NONE                
BODYNCBF  WORLD                                   BODY10                        
1.0000000000000E+00 0.000000000000E+00  0.000000000000E+00  0.000000000000E+00  
0.000000000000E+00  1.0000000000000E+00 0.000000000000E+00  0.000000000000E+00  
0.000000000000E+00  0.000000000000E+00  1.0000000000000E+00 0.000000000000E+00  
0.000000000000E+00  0.000000000000E+00  0.000000000000E+00  1.0000000000000E+00 
HIEROBJ  EHIEROBJECT20                                      NONE                
CGTRIAD   HIEROBJECT19                                                          
0.000000000000E+00  1.0000000000000E+00 0.000000000000E+00  0.000000000000E+00  
9.9999999976430E-01 0.000000000000E+00  -2.171191999602E-05 0.000000000000E+00  
-2.171191999602E-05 0.000000000000E+00  -9.999999997643E-01 0.000000000000E+00  
4.9921118903937E+01 -1.208366800476E+02 5.4268499327165E+01 1.0000000000000E+00 
HIEROBJ  EHIEROBJECT21                                      NONE                
BODYNCBF  WORLD                                   BODY11                        
1.0000000000000E+00 0.000000000000E+00  0.000000000000E+00  0.000000000000E+00  
0.000000000000E+00  1.0000000000000E+00 0.000000000000E+00  0.000000000000E+00  
0.000000000000E+00  0.000000000000E+00  1.0000000000000E+00 0.000000000000E+00  
0.000000000000E+00  0.000000000000E+00  0.000000000000E+00  1.0000000000000E+00 
HIEROBJ  EHIEROBJECT22                                      NONE                
CGTRIAD   HIEROBJECT21                                                          
0.000000000000E+00  1.0000000000000E+00 0.000000000000E+00  0.000000000000E+00  
1.0000000000000E+00 0.000000000000E+00  0.000000000000E+00  0.000000000000E+00  
0.000000000000E+00  0.000000000000E+00  -1.000000000000E+00 0.000000000000E+00  
3.0236006442520E+01 -1.239272312287E+02 4.4500000000000E+01 1.0000000000000E+00 
HIEROBJ  EHIEROBJECT23                                      NONE                
BODYNCBF  WORLD                                   BODY12                        
1.0000000000000E+00 0.000000000000E+00  0.000000000000E+00  0.000000000000E+00  
0.000000000000E+00  1.0000000000000E+00 0.000000000000E+00  0.000000000000E+00  
0.000000000000E+00  0.000000000000E+00  1.0000000000000E+00 0.000000000000E+00  
0.000000000000E+00  0.000000000000E+00  0.000000000000E+00  1.0000000000000E+00 
HIEROBJ  EHIEROBJECT24                                      NONE                
CGTRIAD   HIEROBJECT23                                                          
0.000000000000E+00  1.0000000000000E+00 0.000000000000E+00  0.000000000000E+00  
1.0000000000000E+00 0.000000000000E+00  0.000000000000E+00  0.000000000000E+00  
0.000000000000E+00  0.000000000000E+00  -1.000000000000E+00 0.000000000000E+00  
4.9921045812598E+01 -1.239272312287E+02 4.4500000000000E+01 1.0000000000000E+00 
HIEROBJ  EHIEROBJECT25                                      NONE                
BODYNCBF  WORLD                                   BODY13                        
1.0000000000000E+00 0.000000000000E+00  0.000000000000E+00  0.000000000000E+00  
0.000000000000E+00  1.0000000000000E+00 0.000000000000E+00  0.000000000000E+00  
0.000000000000E+00  0.000000000000E+00  1.0000000000000E+00 0.000000000000E+00  
0.000000000000E+00  0.000000000000E+00  0.000000000000E+00  1.0000000000000E+00 
HIEROBJ  EHIEROBJECT26                                      NONE                
CGTRIAD   HIEROBJECT25                                                          
0.000000000000E+00  1.0000000000000E+00 0.000000000000E+00  0.000000000000E+00  
1.0000000000000E+00 0.000000000000E+00  0.000000000000E+00  0.000000000000E+00  
0.000000000000E+00  0.000000000000E+00  -1.000000000000E+00 0.000000000000E+00  
3.0236006442520E+01 -8.270675878780E+01 4.4500000000000E+01 1.0000000000000E+00 
HIEROBJ  EHIEROBJECT27                                      NONE                
BODYNCBF  WORLD                                   BODY14                        
1.0000000000000E+00 0.000000000000E+00  0.000000000000E+00  0.000000000000E+00  
0.000000000000E+00  1.0000000000000E+00 0.000000000000E+00  0.000000000000E+00  
0.000000000000E+00  0.000000000000E+00  1.0000000000000E+00 0.000000000000E+00  
0.000000000000E+00  0.000000000000E+00  0.000000000000E+00  1.0000000000000E+00 
HIEROBJ  EHIEROBJECT28                                      NONE                
CGTRIAD   HIEROBJECT27                                                          
0.000000000000E+00  1.0000000000000E+00 0.000000000000E+00  0.000000000000E+00  
9.9999999976430E-01 0.000000000000E+00  -2.171192000039E-05 0.000000000000E+00  
-2.171192000039E-05 0.000000000000E+00  -9.999999997643E-01 0.000000000000E+00  
3.0236079533858E+01 -8.579730996890E+01 5.4268499327165E+01 1.0000000000000E+00 
HIEROBJ  EHIEROBJECT29                                      NONE                
BODYNCBF  WORLD                                   BODY15                        
1.0000000000000E+00 0.000000000000E+00  0.000000000000E+00  0.000000000000E+00  
0.000000000000E+00  1.0000000000000E+00 0.000000000000E+00  0.000000000000E+00  
0.000000000000E+00  0.000000000000E+00  1.0000000000000E+00 0.000000000000E+00  
0.000000000000E+00  0.000000000000E+00  0.000000000000E+00  1.0000000000000E+00 
HIEROBJ  EHIEROBJECT30                                      NONE                
CGTRIAD   HIEROBJECT29                                                          
0.000000000000E+00  1.0000000000000E+00 0.000000000000E+00  0.000000000000E+00  
1.0000000000000E+00 0.000000000000E+00  0.000000000000E+00  0.000000000000E+00  
0.000000000000E+00  0.000000000000E+00  -1.000000000000E+00 0.000000000000E+00  
4.9921045812598E+01 -8.270675878780E+01 4.4500000000000E+01 1.0000000000000E+00 
HIEROBJ  EHIEROBJECT31                                      NONE                
BODYNCBF  WORLD                                   BODY16                        
1.0000000000000E+00 0.000000000000E+00  0.000000000000E+00  0.000000000000E+00  
0.000000000000E+00  1.0000000000000E+00 0.000000000000E+00  0.000000000000E+00  
0.000000000000E+00  0.000000000000E+00  1.0000000000000E+00 0.000000000000E+00  
0.000000000000E+00  0.000000000000E+00  0.000000000000E+00  1.0000000000000E+00 
HIEROBJ  EHIEROBJECT32                                      NONE                
CGTRIAD   HIEROBJECT31                                                          
0.000000000000E+00  1.0000000000000E+00 0.000000000000E+00  0.000000000000E+00  
9.9999999976430E-01 0.000000000000E+00  -2.171191999602E-05 0.000000000000E+00  
-2.171191999602E-05 0.000000000000E+00  -9.999999997643E-01 0.000000000000E+00  
4.9921118903937E+01 -8.579730996890E+01 5.4268499327165E+01 1.0000000000000E+00 
HIEROBJ  EHIEROBJECT33                                      NONE                
BODYNCBF  WORLD                                   BODY17                        
1.0000000000000E+00 0.000000000000E+00  0.000000000000E+00  0.000000000000E+00  
0.000000000000E+00  1.0000000000000E+00 0.000000000000E+00  0.000000000000E+00  
0.000000000000E+00  0.000000000000E+00  1.0000000000000E+00 0.000000000000E+00  
0.000000000000E+00  0.000000000000E+00  0.000000000000E+00  1.0000000000000E+00 
HIEROBJ  EHIEROBJECT34                                      NONE                
CGTRIAD   HIEROBJECT33                                                          
0.000000000000E+00  1.0000000000000E+00 0.000000000000E+00  0.000000000000E+00  
9.8330781770461E-01 0.000000000000E+00  1.8194981627086E-01 0.000000000000E+00  
1.8194981627086E-01 0.000000000000E+00  -9.833078177046E-01 0.000000000000E+00  
6.4014218889370E+01 -1.029075461894E+02 5.6413191751575E+01 1.0000000000000E+00 
HIEROBJ  EHIEROBJECT35                                      NONE                
BODYNCBF  WORLD                                   BODY18                        
1.0000000000000E+00 0.000000000000E+00  0.000000000000E+00  0.000000000000E+00  
0.000000000000E+00  1.0000000000000E+00 0.000000000000E+00  0.000000000000E+00  
0.000000000000E+00  0.000000000000E+00  1.0000000000000E+00 0.000000000000E+00  
0.000000000000E+00  0.000000000000E+00  0.000000000000E+00  1.0000000000000E+00 
HIEROBJ  EHIEROBJECT36                                      NONE                
CGTRIAD   HIEROBJECT35                                                          
0.000000000000E+00  1.0000000000000E+00 0.000000000000E+00  0.000000000000E+00  
1.0000000000000E+00 0.000000000000E+00  0.000000000000E+00  0.000000000000E+00  
0.000000000000E+00  0.000000000000E+00  -1.000000000000E+00 0.000000000000E+00  
6.6218734703937E+01 -1.013169950083E+02 4.4500000000000E+01 1.0000000000000E+00 
HIEROBJ  EHIEROBJECT37                                      NONE                
BODYNCBF  WORLD                                   BODY19                        
1.0000000000000E+00 0.000000000000E+00  0.000000000000E+00  0.000000000000E+00  
0.000000000000E+00  1.0000000000000E+00 0.000000000000E+00  0.000000000000E+00  
0.000000000000E+00  0.000000000000E+00  1.0000000000000E+00 0.000000000000E+00  
0.000000000000E+00  0.000000000000E+00  0.000000000000E+00  1.0000000000000E+00 
HIEROBJ  EHIEROBJECT38                                      NONE                
CGTRIAD   HIEROBJECT37                                                          
0.000000000000E+00  1.0000000000000E+00 0.000000000000E+00  0.000000000000E+00  
1.0000000000000E+00 0.000000000000E+00  0.000000000000E+00  0.000000000000E+00  
0.000000000000E+00  0.000000000000E+00  -1.000000000000E+00 0.000000000000E+00  
6.6218734703937E+01 -1.044980973705E+02 4.4500000000000E+01 1.0000000000000E+00 
HIEROBJ  EHIEROBJECT39                                      NONE                
BODYNCBF  WORLD                                   BODY20                        
1.0000000000000E+00 0.000000000000E+00  0.000000000000E+00  0.000000000000E+00  
0.000000000000E+00  1.0000000000000E+00 0.000000000000E+00  0.000000000000E+00  
0.000000000000E+00  0.000000000000E+00  1.0000000000000E+00 0.000000000000E+00  
0.000000000000E+00  0.000000000000E+00  0.000000000000E+00  1.0000000000000E+00 
HIEROBJ  EHIEROBJECT40                                      NONE                
CGTRIAD   HIEROBJECT39                                                          
0.000000000000E+00  1.0000000000000E+00 0.000000000000E+00  0.000000000000E+00  
1.0000000000000E+00 0.000000000000E+00  0.000000000000E+00  0.000000000000E+00  
0.000000000000E+00  0.000000000000E+00  -1.000000000000E+00 0.000000000000E+00  
1.5234775690945E+01 -1.054980973705E+02 4.4500000000000E+01 1.0000000000000E+00 
HIEROBJ  EHIEROBJECT41                                      NONE                
BODYNCBF  WORLD                                   BODY21                        
1.0000000000000E+00 0.000000000000E+00  0.000000000000E+00  0.000000000000E+00  
0.000000000000E+00  1.0000000000000E+00 0.000000000000E+00  0.000000000000E+00  
0.000000000000E+00  0.000000000000E+00  1.0000000000000E+00 0.000000000000E+00  
0.000000000000E+00  0.000000000000E+00  0.000000000000E+00  1.0000000000000E+00 
HIEROBJ  EHIEROBJECT42                                      NONE                
CGTRIAD   HIEROBJECT41                                                          
0.000000000000E+00  1.0000000000000E+00 0.000000000000E+00  0.000000000000E+00  
1.0000000000000E+00 0.000000000000E+00  0.000000000000E+00  0.000000000000E+00  
0.000000000000E+00  0.000000000000E+00  -1.000000000000E+00 0.000000000000E+00  
1.5234775690945E+01 -1.023169950083E+02 4.4500000000000E+01 1.0000000000000E+00 
HIEROBJ  EHIEROBJECT43                                      NONE                
BODYNCBF  WORLD                                   BODY22                        
1.0000000000000E+00 0.000000000000E+00  0.000000000000E+00  0.000000000000E+00  
0.000000000000E+00  1.0000000000000E+00 0.000000000000E+00  0.000000000000E+00  
0.000000000000E+00  0.000000000000E+00  1.0000000000000E+00 0.000000000000E+00  
0.000000000000E+00  0.000000000000E+00  0.000000000000E+00  1.0000000000000E+00 
HIEROBJ  EHIEROBJECT44                                      NONE                
CGTRIAD   HIEROBJECT43                                                          
1.0000000000000E+00 0.000000000000E+00  0.000000000000E+00  0.000000000000E+00  
0.000000000000E+00  1.0000000000000E+00 0.000000000000E+00  0.000000000000E+00  
0.000000000000E+00  0.000000000000E+00  1.0000000000000E+00 0.000000000000E+00  
0.000000000000E+00  0.000000000000E+00  0.000000000000E+00  1.0000000000000E+00 
HIEROBJ  EHIEROBJECT45                                      NONE                
JFCTRIAD  HIEROBJECT1                                                           
-1.155401103930E-03 -2.107689977026E-06 9.9999933252170E-01 0.000000000000E+00  
8.8696204274948E-04 9.9999960664418E-01 3.1324881621579E-06 0.000000000000E+00  
-9.999989391727E-01 8.8696507000184E-04 -1.155398780005E-03 0.000000000000E+00  
0.000000000000E+00  0.000000000000E+00  0.000000000000E+00  1.0000000000000E+00 
HIEROBJ  EHIEROBJECT46                                      NONE                
JFCTRIAD  HIEROBJECT1                                                           
-1.155401103930E-03 -2.107689977215E-06 9.9999933252170E-01 0.000000000000E+00  
8.8696204274927E-04 9.9999960664418E-01 3.1324881623472E-06 0.000000000000E+00  
-9.999989391727E-01 8.8696507000163E-04 -1.155398780005E-03 0.000000000000E+00  
1.7374734273976E+02 -1.000000000000E+02 2.0552316446457E+01 1.0000000000000E+00 
HIEROBJ  EHIEROBJECT47                                      NONE                
JFCTRIAD  HIEROBJECT3                                                           
-2.370186734517E-01 -4.065925790060E-03 9.7149658603758E-01 0.000000000000E+00  
-3.082060497737E-02 9.9951936460119E-01 -3.336179860125E-03 0.000000000000E+00  
-9.710160857288E-01 -3.073284943997E-02 -2.370300681797E-01 0.000000000000E+00  
0.000000000000E+00  0.000000000000E+00  0.000000000000E+00  1.0000000000000E+00 
HIEROBJ  EHIEROBJECT48                                      NONE                
JFCTRIAD  HIEROBJECT3                                                           
-2.370186734517E-01 -4.065925790059E-03 9.7149658603758E-01 0.000000000000E+00  
-3.082060497737E-02 9.9951936460119E-01 -3.336179860125E-03 0.000000000000E+00  
-9.710160857288E-01 -3.073284943997E-02 -2.370300681797E-01 0.000000000000E+00  
3.3504464740157E+01 -1.034400652417E+02 6.0063369737795E+01 1.0000000000000E+00 
HIEROBJ  EHIEROBJECT49                                      NONE                
JFCTRIAD  HIEROBJECT3                                                           
4.4408920985006E-16 4.4408920985006E-16 -1.000000000000E+00 0.000000000000E+00  
-1.000000000000E+00 3.5527136788005E-15 -4.440892098501E-16 0.000000000000E+00  
3.5527136788005E-15 1.0000000000000E+00 4.4408920985006E-16 0.000000000000E+00  
4.0078526127744E+01 -1.190650265044E+02 6.4185039370079E+01 1.0000000000000E+00 
HIEROBJ  EHIEROBJECT50                                      NONE                
JFCTRIAD  HIEROBJECT3                                                           
4.4408920985006E-16 4.4408920985006E-16 -1.000000000000E+00 0.000000000000E+00  
-1.000000000000E+00 3.5527136788005E-15 -4.440892098501E-16 0.000000000000E+00  
3.5527136788005E-15 1.0000000000000E+00 4.4408920985006E-16 0.000000000000E+00  
4.0078526127744E+01 -1.190650265044E+02 5.9185039370079E+01 1.0000000000000E+00 
HIEROBJ  EHIEROBJECT51                                      NONE                
JFCTRIAD  HIEROBJECT3                                                           
2.2204460492503E-16 0.000000000000E+00  1.0000000000000E+00 0.000000000000E+00  
-1.000000000000E+00 3.5527136788005E-15 2.2204460492503E-16 0.000000000000E+00  
-3.552713678800E-15 -1.000000000000E+00 0.000000000000E+00  0.000000000000E+00  
5.0824749289240E+01 -1.023169950083E+02 6.4080808166358E+01 1.0000000000000E+00 
HIEROBJ  EHIEROBJECT52                                      NONE                
JFCTRIAD  HIEROBJECT3                                                           
2.2204460492503E-16 0.000000000000E+00  1.0000000000000E+00 0.000000000000E+00  
-1.000000000000E+00 3.5527136788005E-15 2.2204460492503E-16 0.000000000000E+00  
-3.552713678800E-15 -1.000000000000E+00 0.000000000000E+00  0.000000000000E+00  
5.1555986127110E+01 -1.023169950083E+02 5.9080808166358E+01 1.0000000000000E+00 
HIEROBJ  EHIEROBJECT53                                      NONE                
JFCTRIAD  HIEROBJECT3                                                           
4.4408920985006E-16 4.4408920985006E-16 -1.000000000000E+00 0.000000000000E+00  
-1.000000000000E+00 3.5527136788005E-15 -4.440892098501E-16 0.000000000000E+00  
3.5527136788005E-15 1.0000000000000E+00 4.4408920985006E-16 0.000000000000E+00  
4.0078526127744E+01 -8.756896351228E+01 6.4185039370079E+01 1.0000000000000E+00 
HIEROBJ  EHIEROBJECT54                                      NONE                
JFCTRIAD  HIEROBJECT3                                                           
4.4408920985006E-16 4.4408920985006E-16 -1.000000000000E+00 0.000000000000E+00  
-1.000000000000E+00 3.5527136788005E-15 -4.440892098501E-16 0.000000000000E+00  
3.5527136788005E-15 1.0000000000000E+00 4.4408920985006E-16 0.000000000000E+00  
4.0078526127744E+01 -8.756896351228E+01 5.9185039370079E+01 1.0000000000000E+00 
HIEROBJ  EHIEROBJECT55                                      NONE                
JFCTRIAD  HIEROBJECT3                                                           
4.4408920985006E-16 4.4408920985006E-16 -1.000000000000E+00 0.000000000000E+00  
-1.000000000000E+00 3.5527136788005E-15 -4.440892098501E-16 0.000000000000E+00  
3.5527136788005E-15 1.0000000000000E+00 4.4408920985006E-16 0.000000000000E+00  
1.5234775691137E+01 -1.044980973706E+02 4.4500000000000E+01 1.0000000000000E+00 
HIEROBJ  EHIEROBJECT56                                      NONE                
JFCTRIAD  HIEROBJECT3                                                           
4.4408920985006E-16 4.4408920985006E-16 -1.000000000000E+00 0.000000000000E+00  
-1.000000000000E+00 3.5527136788005E-15 -4.440892098501E-16 0.000000000000E+00  
3.5527136788005E-15 1.0000000000000E+00 4.4408920985006E-16 0.000000000000E+00  
1.5234775691137E+01 -1.033169950083E+02 4.4500000000000E+01 1.0000000000000E+00 
HIEROBJ  EHIEROBJECT57                                      NONE                
JFCTRIAD  HIEROBJECT5                                                           
-1.110199330481E-16 1.0000000000000E+00 1.1102467180108E-16 0.000000000000E+00  
2.1341560006438E-05 -1.110223024372E-16 9.9999999977227E-01 0.000000000000E+00  
9.9999999977227E-01 1.1102230246252E-16 -2.134156000644E-05 0.000000000000E+00  
0.000000000000E+00  0.000000000000E+00  0.000000000000E+00  1.0000000000000E+00 
HIEROBJ  EHIEROBJECT58                                      NONE                
JFCTRIAD  HIEROBJECT5                                                           
0.000000000000E+00  1.0000000000000E+00 2.2204460482390E-16 0.000000000000E+00  
2.1341560006549E-05 -2.220446048745E-16 9.9999999977227E-01 0.000000000000E+00  
9.9999999977227E-01 0.000000000000E+00  -2.134156000655E-05 0.000000000000E+00  
4.0078593743307E+01 -1.196555776854E+02 6.4185112461417E+01 1.0000000000000E+00 
HIEROBJ  EHIEROBJECT59                                      NONE                
JFCTRIAD  HIEROBJECT5                                                           
4.4408920985006E-16 4.4408920985006E-16 -1.000000000000E+00 0.000000000000E+00  
-1.000000000000E+00 3.5527136788005E-15 -4.440892098501E-16 0.000000000000E+00  
3.5527136788005E-15 1.0000000000000E+00 4.4408920985006E-16 0.000000000000E+00  
4.0078526127744E+01 -1.190650265044E+02 6.4185039370079E+01 1.0000000000000E+00 
HIEROBJ  EHIEROBJECT60                                      NONE                
JFCTRIAD  HIEROBJECT5                                                           
4.4408920985006E-16 4.4408920985006E-16 -1.000000000000E+00 0.000000000000E+00  
-1.000000000000E+00 3.5527136788005E-15 -4.440892098501E-16 0.000000000000E+00  
3.5527136788005E-15 1.0000000000000E+00 4.4408920985006E-16 0.000000000000E+00  
3.0236006442704E+01 -1.202461288666E+02 6.4185039370079E+01 1.0000000000000E+00 
HIEROBJ  EHIEROBJECT61                                      NONE                
JFCTRIAD  HIEROBJECT5                                                           
4.4408920985006E-16 4.4408920985006E-16 -1.000000000000E+00 0.000000000000E+00  
-1.000000000000E+00 3.5527136788005E-15 -4.440892098501E-16 0.000000000000E+00  
3.5527136788005E-15 1.0000000000000E+00 4.4408920985006E-16 0.000000000000E+00  
4.9921045812783E+01 -1.202461288666E+02 6.4185039370079E+01 1.0000000000000E+00 
HIEROBJ  EHIEROBJECT62                                      NONE                
JFCTRIAD  HIEROBJECT7                                                           
-1.110199329470E-16 1.0000000000000E+00 1.1102941057934E-16 0.000000000000E+00  
2.1341559997556E-05 -1.110270412155E-16 9.9999999977227E-01 0.000000000000E+00  
9.9999999977227E-01 1.1102230246252E-16 -2.134155999756E-05 0.000000000000E+00  
0.000000000000E+00  0.000000000000E+00  0.000000000000E+00  1.0000000000000E+00 
HIEROBJ  EHIEROBJECT63                                      NONE                
JFCTRIAD  HIEROBJECT7                                                           
0.000000000000E+00  1.0000000000000E+00 2.2204934360216E-16 0.000000000000E+00  
2.1341559997667E-05 -2.220493436527E-16 9.9999999977227E-01 0.000000000000E+00  
9.9999999977227E-01 0.000000000000E+00  -2.134155999767E-05 0.000000000000E+00  
4.0078593743307E+01 -1.196555776854E+02 5.9185112461417E+01 1.0000000000000E+00 
HIEROBJ  EHIEROBJECT64                                      NONE                
JFCTRIAD  HIEROBJECT7                                                           
4.4408920985006E-16 4.4408920985006E-16 -1.000000000000E+00 0.000000000000E+00  
-1.000000000000E+00 3.5527136788005E-15 -4.440892098501E-16 0.000000000000E+00  
3.5527136788005E-15 1.0000000000000E+00 4.4408920985006E-16 0.000000000000E+00  
4.0078526127744E+01 -1.190650265044E+02 5.9185039370079E+01 1.0000000000000E+00 
HIEROBJ  EHIEROBJECT65                                      NONE                
JFCTRIAD  HIEROBJECT7                                                           
4.4408920985006E-16 4.4408920985006E-16 -1.000000000000E+00 0.000000000000E+00  
-1.000000000000E+00 3.5527136788005E-15 -4.440892098501E-16 0.000000000000E+00  
3.5527136788005E-15 1.0000000000000E+00 4.4408920985006E-16 0.000000000000E+00  
3.0236006442704E+01 -1.202461288666E+02 5.9185039370079E+01 1.0000000000000E+00 
HIEROBJ  EHIEROBJECT66                                      NONE                
JFCTRIAD  HIEROBJECT7                                                           
4.4408920985006E-16 4.4408920985006E-16 -1.000000000000E+00 0.000000000000E+00  
-1.000000000000E+00 3.5527136788005E-15 -4.440892098501E-16 0.000000000000E+00  
3.5527136788005E-15 1.0000000000000E+00 4.4408920985006E-16 0.000000000000E+00  
4.9921045812783E+01 -1.202461288666E+02 5.9185039370079E+01 1.0000000000000E+00 
HIEROBJ  EHIEROBJECT67                                      NONE                
JFCTRIAD  HIEROBJECT9                                                           
0.000000000000E+00  1.0000000000000E+00 0.000000000000E+00  0.000000000000E+00  
-3.742700563300E-01 0.000000000000E+00  9.2731975334008E-01 0.000000000000E+00  
9.2731975334008E-01 0.000000000000E+00  3.7427005633004E-01 0.000000000000E+00  
0.000000000000E+00  0.000000000000E+00  0.000000000000E+00  1.0000000000000E+00 
HIEROBJ  EHIEROBJECT68                                      NONE                
JFCTRIAD  HIEROBJECT9                                                           
0.000000000000E+00  1.0000000000000E+00 0.000000000000E+00  0.000000000000E+00  
-3.742700563300E-01 0.000000000000E+00  9.2731975334008E-01 0.000000000000E+00  
9.2731975334008E-01 0.000000000000E+00  3.7427005633004E-01 0.000000000000E+00  
5.6300941198031E+01 -1.017264438272E+02 6.6291506555118E+01 1.0000000000000E+00 
HIEROBJ  EHIEROBJECT69                                      NONE                
JFCTRIAD  HIEROBJECT9                                                           
2.2204460492503E-16 0.000000000000E+00  1.0000000000000E+00 0.000000000000E+00  
-1.000000000000E+00 3.5527136788005E-15 2.2204460492503E-16 0.000000000000E+00  
-3.552713678800E-15 -1.000000000000E+00 0.000000000000E+00  0.000000000000E+00  
5.0824749289240E+01 -1.023169950083E+02 6.4080808166358E+01 1.0000000000000E+00 
HIEROBJ  EHIEROBJECT70                                      NONE                
JFCTRIAD  HIEROBJECT9                                                           
4.4408920985006E-16 4.4408920985006E-16 -1.000000000000E+00 0.000000000000E+00  
-1.000000000000E+00 3.5527136788005E-15 -4.440892098501E-16 0.000000000000E+00  
3.5527136788005E-15 1.0000000000000E+00 4.4408920985006E-16 0.000000000000E+00  
6.1777095565449E+01 -1.023169950083E+02 6.8501938117693E+01 1.0000000000000E+00 
HIEROBJ  EHIEROBJECT71                                      NONE                
JFCTRIAD  HIEROBJECT9                                                           
4.1726328460816E-02 0.000000000000E+00  9.9912907750359E-01 0.000000000000E+00  
2.2185122128340E-15 1.0000000000000E+00 0.000000000000E+00  0.000000000000E+00  
-9.991290775036E-01 2.2204460492503E-15 4.1726328460816E-02 0.000000000000E+00  
5.0824749289240E+01 -1.011358926461E+02 6.4080808166358E+01 1.0000000000000E+00 
HIEROBJ  EHIEROBJECT72                                      NONE                
JFCTRIAD  HIEROBJECT11                                                          
0.000000000000E+00  1.0000000000000E+00 0.000000000000E+00  0.000000000000E+00  
-3.750868393817E-01 0.000000000000E+00  9.2698967789432E-01 0.000000000000E+00  
9.2698967789432E-01 0.000000000000E+00  3.7508683938175E-01 0.000000000000E+00  
0.000000000000E+00  0.000000000000E+00  0.000000000000E+00  1.0000000000000E+00 
HIEROBJ  EHIEROBJECT73                                      NONE                
JFCTRIAD  HIEROBJECT11                                                          
0.000000000000E+00  1.0000000000000E+00 0.000000000000E+00  0.000000000000E+00  
-3.750868393817E-01 0.000000000000E+00  9.2698967789432E-01 0.000000000000E+00  
9.2698967789432E-01 0.000000000000E+00  3.7508683938175E-01 0.000000000000E+00  
5.7121469956299E+01 -1.017264438272E+02 6.1333241890551E+01 1.0000000000000E+00 
HIEROBJ  EHIEROBJECT74                                      NONE                
JFCTRIAD  HIEROBJECT11                                                          
2.2204460492503E-16 0.000000000000E+00  1.0000000000000E+00 0.000000000000E+00  
-1.000000000000E+00 3.5527136788005E-15 2.2204460492503E-16 0.000000000000E+00  
-3.552713678800E-15 -1.000000000000E+00 0.000000000000E+00  0.000000000000E+00  
5.1555986127110E+01 -1.023169950083E+02 5.9080808166358E+01 1.0000000000000E+00 
HIEROBJ  EHIEROBJECT75                                      NONE                
JFCTRIAD  HIEROBJECT11                                                          
4.4408920985006E-16 4.4408920985006E-16 -1.000000000000E+00 0.000000000000E+00  
-1.000000000000E+00 3.5527136788005E-15 -4.440892098501E-16 0.000000000000E+00  
3.5527136788005E-15 1.0000000000000E+00 4.4408920985006E-16 0.000000000000E+00  
6.2686915195433E+01 -1.023169950083E+02 6.3585412083909E+01 1.0000000000000E+00 
HIEROBJ  EHIEROBJECT76                                      NONE                
JFCTRIAD  HIEROBJECT11                                                          
4.1726328460816E-02 0.000000000000E+00  9.9912907750359E-01 0.000000000000E+00  
2.2185122128340E-15 1.0000000000000E+00 0.000000000000E+00  0.000000000000E+00  
-9.991290775036E-01 2.2204460492503E-15 4.1726328460816E-02 0.000000000000E+00  
6.2686915195433E+01 -1.011358926461E+02 6.3585412083909E+01 1.0000000000000E+00 
HIEROBJ  EHIEROBJECT77                                      NONE                
JFCTRIAD  HIEROBJECT13                                                          
-1.110199330481E-16 1.0000000000000E+00 1.1102467180108E-16 0.000000000000E+00  
2.1341560006438E-05 -1.110223024372E-16 9.9999999977227E-01 0.000000000000E+00  
9.9999999977227E-01 1.1102230246252E-16 -2.134156000644E-05 0.000000000000E+00  
0.000000000000E+00  0.000000000000E+00  0.000000000000E+00  1.0000000000000E+00 
HIEROBJ  EHIEROBJECT78                                      NONE                
JFCTRIAD  HIEROBJECT13                                                          
0.000000000000E+00  1.0000000000000E+00 2.2204460482390E-16 0.000000000000E+00  
2.1341560006549E-05 -2.220446048745E-16 9.9999999977227E-01 0.000000000000E+00  
9.9999999977227E-01 0.000000000000E+00  -2.134156000655E-05 0.000000000000E+00  
4.0078593743307E+01 -8.697841233110E+01 6.4185112461417E+01 1.0000000000000E+00 
HIEROBJ  EHIEROBJECT79                                      NONE                
JFCTRIAD  HIEROBJECT13                                                          
4.4408920985006E-16 4.4408920985006E-16 -1.000000000000E+00 0.000000000000E+00  
-1.000000000000E+00 3.5527136788005E-15 -4.440892098501E-16 0.000000000000E+00  
3.5527136788005E-15 1.0000000000000E+00 4.4408920985006E-16 0.000000000000E+00  
4.0078526127744E+01 -8.756896351228E+01 6.4185039370079E+01 1.0000000000000E+00 
HIEROBJ  EHIEROBJECT80                                      NONE                
JFCTRIAD  HIEROBJECT13                                                          
2.2204460492503E-16 0.000000000000E+00  1.0000000000000E+00 0.000000000000E+00  
-1.000000000000E+00 3.5527136788005E-15 2.2204460492503E-16 0.000000000000E+00  
-3.552713678800E-15 -1.000000000000E+00 0.000000000000E+00  0.000000000000E+00  
3.0236006442705E+01 -8.638786115008E+01 6.4185039370079E+01 1.0000000000000E+00 
HIEROBJ  EHIEROBJECT81                                      NONE                
JFCTRIAD  HIEROBJECT13                                                          
4.4408920985006E-16 4.4408920985006E-16 -1.000000000000E+00 0.000000000000E+00  
-1.000000000000E+00 3.5527136788005E-15 -4.440892098501E-16 0.000000000000E+00  
3.5527136788005E-15 1.0000000000000E+00 4.4408920985006E-16 0.000000000000E+00  
4.9921045812783E+01 -8.638786115008E+01 6.4185039370079E+01 1.0000000000000E+00 
HIEROBJ  EHIEROBJECT82                                      NONE                
