HIEROBJ  EWORLD                                             NONE                
ROOT                                                                            
1.0000000000000E+00 0.000000000000E+00  0.000000000000E+00  0.000000000000E+00  
0.000000000000E+00  1.0000000000000E+00 0.000000000000E+00  0.000000000000E+00  
0.000000000000E+00  0.000000000000E+00  1.0000000000000E+00 0.000000000000E+00  
0.000000000000E+00  0.000000000000E+00  0.000000000000E+00  1.0000000000000E+00 
HIEROBJ  EHIEROBJECT1                                       NONE                
BODYNCBF  WORLD                                   BODY1                         
1.0000000000000E+00 0.000000000000E+00  0.000000000000E+00  0.000000000000E+00  
0.000000000000E+00  1.0000000000000E+00 0.000000000000E+00  0.000000000000E+00  
0.000000000000E+00  0.000000000000E+00  1.0000000000000E+00 0.000000000000E+00  
0.000000000000E+00  0.000000000000E+00  0.000000000000E+00  1.0000000000000E+00 
HIEROBJ  EHIEROBJECT2                                       NONE                
CGTRIAD   HIEROBJECT1                                                           
-1.633507156902E-01 0.000000000000E+00  9.8656806338109E-01 0.000000000000E+00  
0.000000000000E+00  1.0000000000000E+00 0.000000000000E+00  0.000000000000E+00  
-9.865680633811E-01 0.000000000000E+00  -1.633507156902E-01 0.000000000000E+00  
4.0470620812992E+02 -5.066774628110E+01 2.0199676988386E+02 1.0000000000000E+00 
HIEROBJ  EHIEROBJECT3                                       NONE                
BODYNCBF  WORLD                                   BODY2                         
1.0000000000000E+00 0.000000000000E+00  0.000000000000E+00  0.000000000000E+00  
0.000000000000E+00  1.0000000000000E+00 0.000000000000E+00  0.000000000000E+00  
0.000000000000E+00  0.000000000000E+00  1.0000000000000E+00 0.000000000000E+00  
0.000000000000E+00  0.000000000000E+00  0.000000000000E+00  1.0000000000000E+00 
HIEROBJ  EHIEROBJECT4                                       NONE                
CGTRIAD   HIEROBJECT3                                                           
4.9999999999818E-01 8.6602540378549E-01 -5.086001064747E-13 0.000000000000E+00  
-1.015529473849E-01 5.8631621509977E-02 9.9310086689951E-01 0.000000000000E+00  
8.6005057925639E-01 -4.965504334479E-01 1.1726324301950E-01 0.000000000000E+00  
2.9123651219921E+02 1.7251462649213E+01 2.2593561272835E+02 1.0000000000000E+00 
HIEROBJ  EHIEROBJECT5                                       NONE                
BODYNCBF  WORLD                                   BODY3                         
1.0000000000000E+00 0.000000000000E+00  0.000000000000E+00  0.000000000000E+00  
0.000000000000E+00  1.0000000000000E+00 0.000000000000E+00  0.000000000000E+00  
0.000000000000E+00  0.000000000000E+00  1.0000000000000E+00 0.000000000000E+00  
0.000000000000E+00  0.000000000000E+00  0.000000000000E+00  1.0000000000000E+00 
HIEROBJ  EHIEROBJECT6                                       NONE                
CGTRIAD   HIEROBJECT5                                                           
4.9999999999820E-01 8.6602540378548E-01 -5.065531327730E-13 0.000000000000E+00  
-1.015529473849E-01 5.8631621509978E-02 9.9310086689950E-01 0.000000000000E+00  
8.6005057925638E-01 -4.965504334479E-01 1.1726324301951E-01 0.000000000000E+00  
2.7473848070315E+02 -1.132396612717E+01 2.2593561272835E+02 1.0000000000000E+00 
HIEROBJ  EHIEROBJECT7                                       NONE                
BODYNCBF  WORLD                                   BODY4                         
1.0000000000000E+00 0.000000000000E+00  0.000000000000E+00  0.000000000000E+00  
0.000000000000E+00  1.0000000000000E+00 0.000000000000E+00  0.000000000000E+00  
0.000000000000E+00  0.000000000000E+00  1.0000000000000E+00 0.000000000000E+00  
0.000000000000E+00  0.000000000000E+00  0.000000000000E+00  1.0000000000000E+00 
HIEROBJ  EHIEROBJECT8                                       NONE                
CGTRIAD   HIEROBJECT7                                                           
-3.464381448789E-03 2.0001615620441E-03 9.9999199867544E-01 0.000000000000E+00  
8.6601847443300E-01 -4.999959993396E-01 4.0003231240728E-03 0.000000000000E+00  
5.0000000000191E-01 8.6602540378333E-01 0.000000000000E+00  0.000000000000E+00  
2.7016136223110E+02 1.0368920305512E+01 2.3679637396693E+02 1.0000000000000E+00 
HIEROBJ  EHIEROBJECT9                                       NONE                
BODYNCBF  WORLD                                   BODY5                         
1.0000000000000E+00 0.000000000000E+00  0.000000000000E+00  0.000000000000E+00  
0.000000000000E+00  1.0000000000000E+00 0.000000000000E+00  0.000000000000E+00  
0.000000000000E+00  0.000000000000E+00  1.0000000000000E+00 0.000000000000E+00  
0.000000000000E+00  0.000000000000E+00  0.000000000000E+00  1.0000000000000E+00 
HIEROBJ  EHIEROBJECT10                                      NONE                
CGTRIAD   HIEROBJECT9                                                           
5.0000000000246E-01 8.6602540378302E-01 1.9373391779709E-13 0.000000000000E+00  
-2.682944942017E-01 1.5489989845022E-01 9.5080181207294E-01 0.000000000000E+00  
8.2341852321807E-01 -4.754009060389E-01 3.0979979689925E-01 0.000000000000E+00  
2.7828050657756E+02 2.4154265712992E+01 2.2962275002323E+02 1.0000000000000E+00 
HIEROBJ  EHIEROBJECT11                                      NONE                
BODYNCBF  WORLD                                   BODY6                         
1.0000000000000E+00 0.000000000000E+00  0.000000000000E+00  0.000000000000E+00  
0.000000000000E+00  1.0000000000000E+00 0.000000000000E+00  0.000000000000E+00  
0.000000000000E+00  0.000000000000E+00  1.0000000000000E+00 0.000000000000E+00  
0.000000000000E+00  0.000000000000E+00  0.000000000000E+00  1.0000000000000E+00 
HIEROBJ  EHIEROBJECT12                                      NONE                
CGTRIAD   HIEROBJECT11                                                          
5.0000000000245E-01 8.6602540378302E-01 1.9353962876778E-13 0.000000000000E+00  
-2.682944942017E-01 1.5489989845022E-01 9.5080181207294E-01 0.000000000000E+00  
8.2341852321807E-01 -4.754009060389E-01 3.0979979689925E-01 0.000000000000E+00  
2.6228247508150E+02 -3.555137659055E+00 2.2962275002323E+02 1.0000000000000E+00 
HIEROBJ  EHIEROBJECT13                                      NONE                
BODYNCBF  WORLD                                   BODY7                         
1.0000000000000E+00 0.000000000000E+00  0.000000000000E+00  0.000000000000E+00  
0.000000000000E+00  1.0000000000000E+00 0.000000000000E+00  0.000000000000E+00  
0.000000000000E+00  0.000000000000E+00  1.0000000000000E+00 0.000000000000E+00  
0.000000000000E+00  0.000000000000E+00  0.000000000000E+00  1.0000000000000E+00 
HIEROBJ  EHIEROBJECT14                                      NONE                
CGTRIAD   HIEROBJECT13                                                          
5.0000000000192E-01 8.6602540378333E-01 0.000000000000E+00  0.000000000000E+00  
0.000000000000E+00  0.000000000000E+00  1.0000000000000E+00 0.000000000000E+00  
8.6602540378333E-01 -5.000000000019E-01 0.000000000000E+00  0.000000000000E+00  
2.8370364842559E+02 2.4775990057087E+01 2.2192963540512E+02 1.0000000000000E+00 
HIEROBJ  EHIEROBJECT15                                      NONE                
BODYNCBF  WORLD                                   BODY8                         
1.0000000000000E+00 0.000000000000E+00  0.000000000000E+00  0.000000000000E+00  
0.000000000000E+00  1.0000000000000E+00 0.000000000000E+00  0.000000000000E+00  
0.000000000000E+00  0.000000000000E+00  1.0000000000000E+00 0.000000000000E+00  
0.000000000000E+00  0.000000000000E+00  0.000000000000E+00  1.0000000000000E+00 
HIEROBJ  EHIEROBJECT16                                      NONE                
CGTRIAD   HIEROBJECT15                                                          
5.0000000000194E-01 8.6602540378332E-01 0.000000000000E+00  0.000000000000E+00  
8.6602540378332E-01 -5.000000000019E-01 0.000000000000E+00  0.000000000000E+00  
0.000000000000E+00  0.000000000000E+00  -1.000000000000E+00 0.000000000000E+00  
3.0069374365394E+02 1.4966754003150E+01 2.2229188775630E+02 1.0000000000000E+00 
HIEROBJ  EHIEROBJECT17                                      NONE                
BODYNCBF  WORLD                                   BODY9                         
1.0000000000000E+00 0.000000000000E+00  0.000000000000E+00  0.000000000000E+00  
0.000000000000E+00  1.0000000000000E+00 0.000000000000E+00  0.000000000000E+00  
0.000000000000E+00  0.000000000000E+00  1.0000000000000E+00 0.000000000000E+00  
0.000000000000E+00  0.000000000000E+00  0.000000000000E+00  1.0000000000000E+00 
HIEROBJ  EHIEROBJECT18                                      NONE                
CGTRIAD   HIEROBJECT17                                                          
5.0000000000194E-01 8.6602540378332E-01 0.000000000000E+00  0.000000000000E+00  
0.000000000000E+00  0.000000000000E+00  1.0000000000000E+00 0.000000000000E+00  
8.6602540378332E-01 -5.000000000019E-01 0.000000000000E+00  0.000000000000E+00  
2.6561837428661E+02 3.4640177680315E+01 2.2187516765039E+02 1.0000000000000E+00 
HIEROBJ  EHIEROBJECT19                                      NONE                
BODYNCBF  WORLD                                   BODY10                        
1.0000000000000E+00 0.000000000000E+00  0.000000000000E+00  0.000000000000E+00  
0.000000000000E+00  1.0000000000000E+00 0.000000000000E+00  0.000000000000E+00  
0.000000000000E+00  0.000000000000E+00  1.0000000000000E+00 0.000000000000E+00  
0.000000000000E+00  0.000000000000E+00  0.000000000000E+00  1.0000000000000E+00 
HIEROBJ  EHIEROBJECT20                                      NONE                
CGTRIAD   HIEROBJECT19                                                          
5.0000000000194E-01 8.6602540378332E-01 0.000000000000E+00  0.000000000000E+00  
0.000000000000E+00  0.000000000000E+00  1.0000000000000E+00 0.000000000000E+00  
8.6602540378332E-01 -5.000000000019E-01 0.000000000000E+00  0.000000000000E+00  
2.6445561692953E+02 -8.562578439764E+00 2.2192963540512E+02 1.0000000000000E+00 
HIEROBJ  EHIEROBJECT21                                      NONE                
BODYNCBF  WORLD                                   BODY11                        
1.0000000000000E+00 0.000000000000E+00  0.000000000000E+00  0.000000000000E+00  
0.000000000000E+00  1.0000000000000E+00 0.000000000000E+00  0.000000000000E+00  
0.000000000000E+00  0.000000000000E+00  1.0000000000000E+00 0.000000000000E+00  
0.000000000000E+00  0.000000000000E+00  0.000000000000E+00  1.0000000000000E+00 
HIEROBJ  EHIEROBJECT22                                      NONE                
CGTRIAD   HIEROBJECT21                                                          
5.0000000000192E-01 8.6602540378333E-01 0.000000000000E+00  0.000000000000E+00  
0.000000000000E+00  0.000000000000E+00  1.0000000000000E+00 0.000000000000E+00  
8.6602540378333E-01 -5.000000000019E-01 0.000000000000E+00  0.000000000000E+00  
2.8144571215787E+02 -1.837181449370E+01 2.2229188775630E+02 1.0000000000000E+00 
HIEROBJ  EHIEROBJECT23                                      NONE                
BODYNCBF  WORLD                                   BODY12                        
1.0000000000000E+00 0.000000000000E+00  0.000000000000E+00  0.000000000000E+00  
0.000000000000E+00  1.0000000000000E+00 0.000000000000E+00  0.000000000000E+00  
0.000000000000E+00  0.000000000000E+00  1.0000000000000E+00 0.000000000000E+00  
0.000000000000E+00  0.000000000000E+00  0.000000000000E+00  1.0000000000000E+00 
HIEROBJ  EHIEROBJECT24                                      NONE                
CGTRIAD   HIEROBJECT23                                                          
5.0000000000194E-01 8.6602540378332E-01 0.000000000000E+00  0.000000000000E+00  
0.000000000000E+00  0.000000000000E+00  1.0000000000000E+00 0.000000000000E+00  
8.6602540378332E-01 -5.000000000019E-01 0.000000000000E+00  0.000000000000E+00  
2.4687034279055E+02 2.1676345874016E+00 2.2187516765039E+02 1.0000000000000E+00 
HIEROBJ  EHIEROBJECT25                                      NONE                
BODYNCBF  WORLD                                   BODY13                        
1.0000000000000E+00 0.000000000000E+00  0.000000000000E+00  0.000000000000E+00  
0.000000000000E+00  1.0000000000000E+00 0.000000000000E+00  0.000000000000E+00  
0.000000000000E+00  0.000000000000E+00  1.0000000000000E+00 0.000000000000E+00  
0.000000000000E+00  0.000000000000E+00  0.000000000000E+00  1.0000000000000E+00 
HIEROBJ  EHIEROBJECT26                                      NONE                
CGTRIAD   HIEROBJECT25                                                          
1.0000000000000E+00 0.000000000000E+00  0.000000000000E+00  0.000000000000E+00  
0.000000000000E+00  1.0000000000000E+00 0.000000000000E+00  0.000000000000E+00  
0.000000000000E+00  0.000000000000E+00  1.0000000000000E+00 0.000000000000E+00  
0.000000000000E+00  0.000000000000E+00  0.000000000000E+00  1.0000000000000E+00 
HIEROBJ  EHIEROBJECT27                                      NONE                
JFCTRIAD  HIEROBJECT1                                                           
-1.633507156902E-01 0.000000000000E+00  9.8656806338109E-01 0.000000000000E+00  
0.000000000000E+00  1.0000000000000E+00 0.000000000000E+00  0.000000000000E+00  
-9.865680633811E-01 0.000000000000E+00  -1.633507156902E-01 0.000000000000E+00  
0.000000000000E+00  0.000000000000E+00  0.000000000000E+00  1.0000000000000E+00 
HIEROBJ  EHIEROBJECT28                                      NONE                
JFCTRIAD  HIEROBJECT1                                                           
-1.633507156902E-01 0.000000000000E+00  9.8656806338109E-01 0.000000000000E+00  
0.000000000000E+00  1.0000000000000E+00 0.000000000000E+00  0.000000000000E+00  
-9.865680633811E-01 0.000000000000E+00  -1.633507156902E-01 0.000000000000E+00  
4.0470620812992E+02 -5.066774628110E+01 2.0199676988386E+02 1.0000000000000E+00 
HIEROBJ  EHIEROBJECT29                                      NONE                
JFCTRIAD  HIEROBJECT3                                                           
-6.661338147751E-16 3.8459253727671E-16 1.0000000000000E+00 0.000000000000E+00  
-8.660254037844E-01 5.0000000000000E-01 -7.691850745534E-16 0.000000000000E+00  
-5.000000000000E-01 -8.660254037844E-01 0.000000000000E+00  0.000000000000E+00  
2.9311910181365E+02 1.5875873893801E+01 2.3016333148245E+02 1.0000000000000E+00 
HIEROBJ  EHIEROBJECT30                                      NONE                
JFCTRIAD  HIEROBJECT3                                                           
-1.062148957466E-15 -4.123481128923E-16 1.0000000000000E+00 0.000000000000E+00  
-8.660254037844E-01 5.0000000000000E-01 -7.136739233222E-16 0.000000000000E+00  
-5.000000000000E-01 -8.660254037844E-01 -8.881784197001E-16 0.000000000000E+00  
2.8245364842571E+02 2.2610926547547E+01 2.2192963540510E+02 1.0000000000000E+00 
HIEROBJ  EHIEROBJECT31                                      NONE                
JFCTRIAD  HIEROBJECT3                                                           
-1.728282772241E-15 0.000000000000E+00  -1.000000000000E+00 0.000000000000E+00  
-8.660254037844E-01 5.0000000000000E-01 1.4828589978756E-15 0.000000000000E+00  
5.0000000000000E-01 8.6602540378444E-01 -8.881784197001E-16 0.000000000000E+00  
2.9944374365409E+02 1.2801690493884E+01 2.2229188775614E+02 1.0000000000000E+00 
HIEROBJ  EHIEROBJECT32                                      NONE                
JFCTRIAD  HIEROBJECT3                                                           
4.9999999999818E-01 8.6602540378549E-01 -5.087111287772E-13 0.000000000000E+00  
-1.015529473849E-01 5.8631621509977E-02 9.9310086689951E-01 0.000000000000E+00  
8.6005057925639E-01 -4.965504334479E-01 1.1726324301950E-01 0.000000000000E+00  
0.000000000000E+00  0.000000000000E+00  0.000000000000E+00  1.0000000000000E+00 
HIEROBJ  EHIEROBJECT33                                      NONE                
JFCTRIAD  HIEROBJECT3                                                           
4.9999999999818E-01 8.6602540378549E-01 -5.089331733821E-13 0.000000000000E+00  
-1.015529473849E-01 5.8631621509977E-02 9.9310086689951E-01 0.000000000000E+00  
8.6005057925639E-01 -4.965504334479E-01 1.1726324301950E-01 0.000000000000E+00  
2.9123651219921E+02 1.7251462649213E+01 2.2593561272835E+02 1.0000000000000E+00 
HIEROBJ  EHIEROBJECT34                                      NONE                
JFCTRIAD  HIEROBJECT3                                                           
-1.728282772241E-15 0.000000000000E+00  -1.000000000000E+00 0.000000000000E+00  
-8.660254037844E-01 5.0000000000000E-01 1.4828589978756E-15 0.000000000000E+00  
5.0000000000000E-01 8.6602540378444E-01 -8.881784197001E-16 0.000000000000E+00  
2.9944374365409E+02 1.2801690493884E+01 2.2229188775614E+02 1.0000000000000E+00 
HIEROBJ  EHIEROBJECT35                                      NONE                
JFCTRIAD  HIEROBJECT3                                                           
-1.062148957466E-15 -4.123481128923E-16 1.0000000000000E+00 0.000000000000E+00  
-8.660254037844E-01 5.0000000000000E-01 -7.136739233222E-16 0.000000000000E+00  
-5.000000000000E-01 -8.660254037844E-01 -8.881784197001E-16 0.000000000000E+00  
2.8245364842571E+02 2.2610926547547E+01 2.2192963540510E+02 1.0000000000000E+00 
HIEROBJ  EHIEROBJECT36                                      NONE                
JFCTRIAD  HIEROBJECT5                                                           
-1.134260058205E-15 -3.707147494689E-16 -1.000000000000E+00 0.000000000000E+00  
-8.660254037844E-01 5.0000000000000E-01 7.9694065016906E-16 0.000000000000E+00  
5.0000000000000E-01 8.6602540378444E-01 -8.881784197001E-16 0.000000000000E+00  
2.7687107031758E+02 -1.226654218036E+01 2.3016333148245E+02 1.0000000000000E+00 
HIEROBJ  EHIEROBJECT37                                      NONE                
JFCTRIAD  HIEROBJECT5                                                           
6.9017084835489E-16 -3.984703250845E-16 1.0000000000000E+00 0.000000000000E+00  
-8.660254037844E-01 5.0000000000000E-01 7.9694065016906E-16 0.000000000000E+00  
-5.000000000000E-01 -8.660254037844E-01 0.000000000000E+00  0.000000000000E+00  
2.6570561692965E+02 -6.397514930398E+00 2.2192963540510E+02 1.0000000000000E+00 
HIEROBJ  EHIEROBJECT38                                      NONE                
JFCTRIAD  HIEROBJECT5                                                           
7.1420788193468E-16 -4.123481128923E-16 1.0000000000000E+00 0.000000000000E+00  
-8.660254037844E-01 5.0000000000000E-01 8.2469622578468E-16 0.000000000000E+00  
-5.000000000000E-01 -8.660254037844E-01 0.000000000000E+00  0.000000000000E+00  
2.8269571215802E+02 -1.620675098406E+01 2.2229188775614E+02 1.0000000000000E+00 
HIEROBJ  EHIEROBJECT39                                      NONE                
JFCTRIAD  HIEROBJECT5                                                           
4.9999999999820E-01 8.6602540378548E-01 -5.064976216218E-13 0.000000000000E+00  
-1.015529473849E-01 5.8631621509978E-02 9.9310086689950E-01 0.000000000000E+00  
8.6005057925638E-01 -4.965504334479E-01 1.1726324301951E-01 0.000000000000E+00  
0.000000000000E+00  0.000000000000E+00  0.000000000000E+00  1.0000000000000E+00 
HIEROBJ  EHIEROBJECT40                                      NONE                
JFCTRIAD  HIEROBJECT5                                                           
4.9999999999820E-01 8.6602540378548E-01 -5.062755770169E-13 0.000000000000E+00  
-1.015529473849E-01 5.8631621509978E-02 9.9310086689950E-01 0.000000000000E+00  
8.6005057925638E-01 -4.965504334479E-01 1.1726324301951E-01 0.000000000000E+00  
2.7473848070315E+02 -1.132396612717E+01 2.2593561272835E+02 1.0000000000000E+00 
HIEROBJ  EHIEROBJECT41                                      NONE                
JFCTRIAD  HIEROBJECT5                                                           
6.9017084835489E-16 -3.984703250845E-16 1.0000000000000E+00 0.000000000000E+00  
-8.660254037844E-01 5.0000000000000E-01 7.9694065016906E-16 0.000000000000E+00  
-5.000000000000E-01 -8.660254037844E-01 0.000000000000E+00  0.000000000000E+00  
2.6570561692965E+02 -6.397514930398E+00 2.2192963540510E+02 1.0000000000000E+00 
HIEROBJ  EHIEROBJECT42                                      NONE                
JFCTRIAD  HIEROBJECT5                                                           
7.1420788193468E-16 -4.123481128923E-16 1.0000000000000E+00 0.000000000000E+00  
-8.660254037844E-01 5.0000000000000E-01 8.2469622578468E-16 0.000000000000E+00  
-5.000000000000E-01 -8.660254037844E-01 0.000000000000E+00  0.000000000000E+00  
2.8269571215802E+02 -1.620675098406E+01 2.2229188775614E+02 1.0000000000000E+00 
HIEROBJ  EHIEROBJECT43                                      NONE                
JFCTRIAD  HIEROBJECT7                                                           
3.9601514269047E-16 7.9694065016906E-16 -1.000000000000E+00 0.000000000000E+00  
-8.660254037844E-01 5.0000000000000E-01 0.000000000000E+00  0.000000000000E+00  
5.0000000000000E-01 8.6602540378444E-01 8.8817841970013E-16 0.000000000000E+00  
2.8240272402561E+02 2.1485627225271E+01 2.3477918323446E+02 1.0000000000000E+00 
HIEROBJ  EHIEROBJECT44                                      NONE                
JFCTRIAD  HIEROBJECT7                                                           
0.000000000000E+00  0.000000000000E+00  -1.000000000000E+00 0.000000000000E+00  
-8.660254037844E-01 5.0000000000000E-01 -1.110223024625E-16 0.000000000000E+00  
5.0000000000000E-01 8.6602540378444E-01 0.000000000000E+00  0.000000000000E+00  
2.6665469252955E+02 -5.790763445106E+00 2.3477918323446E+02 1.0000000000000E+00 
HIEROBJ  EHIEROBJECT45                                      NONE                
JFCTRIAD  HIEROBJECT7                                                           
-3.464381448789E-03 2.0001615620439E-03 9.9999199867544E-01 0.000000000000E+00  
8.6601847443300E-01 -4.999959993396E-01 4.0003231240726E-03 0.000000000000E+00  
5.0000000000191E-01 8.6602540378333E-01 0.000000000000E+00  0.000000000000E+00  
0.000000000000E+00  0.000000000000E+00  0.000000000000E+00  1.0000000000000E+00 
HIEROBJ  EHIEROBJECT46                                      NONE                
JFCTRIAD  HIEROBJECT7                                                           
-3.464381448788E-03 2.0001615620437E-03 9.9999199867544E-01 0.000000000000E+00  
8.6601847443300E-01 -4.999959993396E-01 4.0003231240722E-03 0.000000000000E+00  
5.0000000000191E-01 8.6602540378333E-01 0.000000000000E+00  0.000000000000E+00  
2.7016136223110E+02 1.0368920305512E+01 2.3679637396693E+02 1.0000000000000E+00 
HIEROBJ  EHIEROBJECT47                                      NONE                
JFCTRIAD  HIEROBJECT9                                                           
3.9601514269047E-16 7.9694065016906E-16 -1.000000000000E+00 0.000000000000E+00  
-8.660254037844E-01 5.0000000000000E-01 0.000000000000E+00  0.000000000000E+00  
5.0000000000000E-01 8.6602540378444E-01 8.8817841970013E-16 0.000000000000E+00  
2.8240272402561E+02 2.1485627225271E+01 2.3477918323446E+02 1.0000000000000E+00 
HIEROBJ  EHIEROBJECT48                                      NONE                
JFCTRIAD  HIEROBJECT9                                                           
-6.661338147751E-16 3.8459253727671E-16 1.0000000000000E+00 0.000000000000E+00  
-8.660254037844E-01 5.0000000000000E-01 -7.691850745534E-16 0.000000000000E+00  
-5.000000000000E-01 -8.660254037844E-01 0.000000000000E+00  0.000000000000E+00  
2.9311910181365E+02 1.5875873893801E+01 2.3016333148245E+02 1.0000000000000E+00 
HIEROBJ  EHIEROBJECT49                                      NONE                
JFCTRIAD  HIEROBJECT9                                                           
-6.661338147751E-16 3.8459253727671E-16 1.0000000000000E+00 0.000000000000E+00  
-8.660254037844E-01 5.0000000000000E-01 -7.691850745534E-16 0.000000000000E+00  
-5.000000000000E-01 -8.660254037844E-01 0.000000000000E+00  0.000000000000E+00  
2.6436837428646E+02 3.2475114171020E+01 2.2187516765033E+02 1.0000000000000E+00 
HIEROBJ  EHIEROBJECT50                                      NONE                
JFCTRIAD  HIEROBJECT9                                                           
5.0000000000245E-01 8.6602540378302E-01 1.9362289549463E-13 0.000000000000E+00  
-2.682944942017E-01 1.5489989845022E-01 9.5080181207294E-01 0.000000000000E+00  
8.2341852321807E-01 -4.754009060389E-01 3.0979979689925E-01 0.000000000000E+00  
0.000000000000E+00  0.000000000000E+00  0.000000000000E+00  1.0000000000000E+00 
HIEROBJ  EHIEROBJECT51                                      NONE                
JFCTRIAD  HIEROBJECT9                                                           
5.0000000000245E-01 8.6602540378302E-01 1.9359513991901E-13 0.000000000000E+00  
-2.682944942017E-01 1.5489989845022E-01 9.5080181207294E-01 0.000000000000E+00  
8.2341852321807E-01 -4.754009060389E-01 3.0979979689925E-01 0.000000000000E+00  
2.7828050657756E+02 2.4154265712992E+01 2.2962275002323E+02 1.0000000000000E+00 
HIEROBJ  EHIEROBJECT52                                      NONE                
JFCTRIAD  HIEROBJECT9                                                           
-6.661338147751E-16 3.8459253727671E-16 1.0000000000000E+00 0.000000000000E+00  
-8.660254037844E-01 5.0000000000000E-01 -7.691850745534E-16 0.000000000000E+00  
-5.000000000000E-01 -8.660254037844E-01 0.000000000000E+00  0.000000000000E+00  
2.6436837428646E+02 3.2475114171020E+01 2.2187516765033E+02 1.0000000000000E+00 
HIEROBJ  EHIEROBJECT53                                      NONE                
JFCTRIAD  HIEROBJECT11                                                          
0.000000000000E+00  0.000000000000E+00  -1.000000000000E+00 0.000000000000E+00  
-8.660254037844E-01 5.0000000000000E-01 -1.110223024625E-16 0.000000000000E+00  
5.0000000000000E-01 8.6602540378444E-01 0.000000000000E+00  0.000000000000E+00  
2.6665469252955E+02 -5.790763445106E+00 2.3477918323446E+02 1.0000000000000E+00 
HIEROBJ  EHIEROBJECT54                                      NONE                
JFCTRIAD  HIEROBJECT11                                                          
-1.134260058205E-15 -3.707147494689E-16 -1.000000000000E+00 0.000000000000E+00  
-8.660254037844E-01 5.0000000000000E-01 7.9694065016906E-16 0.000000000000E+00  
5.0000000000000E-01 8.6602540378444E-01 -8.881784197001E-16 0.000000000000E+00  
2.7687107031758E+02 -1.226654218036E+01 2.3016333148245E+02 1.0000000000000E+00 
HIEROBJ  EHIEROBJECT55                                      NONE                
JFCTRIAD  HIEROBJECT11                                                          
-1.134260058205E-15 -3.707147494689E-16 -1.000000000000E+00 0.000000000000E+00  
-8.660254037844E-01 5.0000000000000E-01 7.9694065016906E-16 0.000000000000E+00  
5.0000000000000E-01 8.6602540378444E-01 -8.881784197001E-16 0.000000000000E+00  
2.4812034279040E+02 4.3326980968598E+00 2.2187516765033E+02 1.0000000000000E+00 
HIEROBJ  EHIEROBJECT56                                      NONE                
JFCTRIAD  HIEROBJECT11                                                          
5.0000000000245E-01 8.6602540378302E-01 1.9345636204093E-13 0.000000000000E+00  
-2.682944942017E-01 1.5489989845022E-01 9.5080181207294E-01 0.000000000000E+00  
8.2341852321807E-01 -4.754009060389E-01 3.0979979689925E-01 0.000000000000E+00  
0.000000000000E+00  0.000000000000E+00  0.000000000000E+00  1.0000000000000E+00 
HIEROBJ  EHIEROBJECT57                                      NONE                
JFCTRIAD  HIEROBJECT11                                                          
5.0000000000245E-01 8.6602540378302E-01 1.9337309531409E-13 0.000000000000E+00  
-2.682944942017E-01 1.5489989845022E-01 9.5080181207294E-01 0.000000000000E+00  
8.2341852321807E-01 -4.754009060389E-01 3.0979979689925E-01 0.000000000000E+00  
2.6228247508150E+02 -3.555137659055E+00 2.2962275002323E+02 1.0000000000000E+00 
HIEROBJ  EHIEROBJECT58                                      NONE                
JFCTRIAD  HIEROBJECT11                                                          
-1.134260058205E-15 -3.707147494689E-16 -1.000000000000E+00 0.000000000000E+00  
-8.660254037844E-01 5.0000000000000E-01 7.9694065016906E-16 0.000000000000E+00  
5.0000000000000E-01 8.6602540378444E-01 -8.881784197001E-16 0.000000000000E+00  
2.4812034279040E+02 4.3326980968598E+00 2.2187516765033E+02 1.0000000000000E+00 
HIEROBJ  EHIEROBJECT59                                      NONE                
JFCTRIAD  HIEROBJECT13                                                          
-1.062148957466E-15 -4.123481128923E-16 1.0000000000000E+00 0.000000000000E+00  
-8.660254037844E-01 5.0000000000000E-01 -7.136739233222E-16 0.000000000000E+00  
-5.000000000000E-01 -8.660254037844E-01 -8.881784197001E-16 0.000000000000E+00  
2.8245364842571E+02 2.2610926547547E+01 2.2192963540510E+02 1.0000000000000E+00 
HIEROBJ  EHIEROBJECT60                                      NONE                
JFCTRIAD  HIEROBJECT13                                                          
5.0000000000192E-01 8.6602540378333E-01 0.000000000000E+00  0.000000000000E+00  
0.000000000000E+00  0.000000000000E+00  1.0000000000000E+00 0.000000000000E+00  
8.6602540378333E-01 -5.000000000019E-01 0.000000000000E+00  0.000000000000E+00  
0.000000000000E+00  0.000000000000E+00  0.000000000000E+00  1.0000000000000E+00 
HIEROBJ  EHIEROBJECT61                                      NONE                
JFCTRIAD  HIEROBJECT13                                                          
5.0000000000192E-01 8.6602540378333E-01 0.000000000000E+00  0.000000000000E+00  
0.000000000000E+00  0.000000000000E+00  1.0000000000000E+00 0.000000000000E+00  
8.6602540378333E-01 -5.000000000019E-01 0.000000000000E+00  0.000000000000E+00  
2.8370364842559E+02 2.4775990057087E+01 2.2192963540512E+02 1.0000000000000E+00 
HIEROBJ  EHIEROBJECT62                                      NONE                
JFCTRIAD  HIEROBJECT13                                                          
-1.062148957466E-15 -4.123481128923E-16 1.0000000000000E+00 0.000000000000E+00  
-8.660254037844E-01 5.0000000000000E-01 -7.136739233222E-16 0.000000000000E+00  
-5.000000000000E-01 -8.660254037844E-01 -8.881784197001E-16 0.000000000000E+00  
2.8245364842571E+02 2.2610926547547E+01 2.2192963540510E+02 1.0000000000000E+00 
HIEROBJ  EHIEROBJECT63                                      NONE                
JFCTRIAD  HIEROBJECT15                                                          
-1.728282772241E-15 0.000000000000E+00  -1.000000000000E+00 0.000000000000E+00  
-8.660254037844E-01 5.0000000000000E-01 1.4828589978756E-15 0.000000000000E+00  
5.0000000000000E-01 8.6602540378444E-01 -8.881784197001E-16 0.000000000000E+00  
2.9944374365409E+02 1.2801690493884E+01 2.2229188775614E+02 1.0000000000000E+00 
HIEROBJ  EHIEROBJECT64                                      NONE                
JFCTRIAD  HIEROBJECT15                                                          
5.0000000000194E-01 8.6602540378332E-01 1.0605752387235E-16 0.000000000000E+00  
8.6602540378332E-01 -5.000000000019E-01 0.000000000000E+00  0.000000000000E+00  
0.000000000000E+00  1.2246467991474E-16 -1.000000000000E+00 0.000000000000E+00  
0.000000000000E+00  0.000000000000E+00  0.000000000000E+00  1.0000000000000E+00 
HIEROBJ  EHIEROBJECT65                                      NONE                
JFCTRIAD  HIEROBJECT15                                                          
5.0000000000194E-01 8.6602540378332E-01 0.000000000000E+00  0.000000000000E+00  
8.6602540378332E-01 -5.000000000019E-01 0.000000000000E+00  0.000000000000E+00  
0.000000000000E+00  1.1102230246252E-16 -1.000000000000E+00 0.000000000000E+00  
3.0069374365394E+02 1.4966754003150E+01 2.2229188775630E+02 1.0000000000000E+00 
HIEROBJ  EHIEROBJECT66                                      NONE                
JFCTRIAD  HIEROBJECT15                                                          
-1.728282772241E-15 0.000000000000E+00  -1.000000000000E+00 0.000000000000E+00  
-8.660254037844E-01 5.0000000000000E-01 1.4828589978756E-15 0.000000000000E+00  
5.0000000000000E-01 8.6602540378444E-01 -8.881784197001E-16 0.000000000000E+00  
2.9944374365409E+02 1.2801690493884E+01 2.2229188775614E+02 1.0000000000000E+00 
HIEROBJ  EHIEROBJECT67                                      NONE                
JFCTRIAD  HIEROBJECT17                                                          
-6.661338147751E-16 3.8459253727671E-16 1.0000000000000E+00 0.000000000000E+00  
-8.660254037844E-01 5.0000000000000E-01 -7.691850745534E-16 0.000000000000E+00  
-5.000000000000E-01 -8.660254037844E-01 0.000000000000E+00  0.000000000000E+00  
2.6436837428646E+02 3.2475114171020E+01 2.2187516765033E+02 1.0000000000000E+00 
HIEROBJ  EHIEROBJECT68                                      NONE                
JFCTRIAD  HIEROBJECT17                                                          
5.0000000000194E-01 8.6602540378332E-01 0.000000000000E+00  0.000000000000E+00  
-1.922962686381E-16 1.1102230246295E-16 1.0000000000000E+00 0.000000000000E+00  
8.6602540378332E-01 -5.000000000019E-01 2.2204460492503E-16 0.000000000000E+00  
0.000000000000E+00  0.000000000000E+00  0.000000000000E+00  1.0000000000000E+00 
HIEROBJ  EHIEROBJECT69                                      NONE                
JFCTRIAD  HIEROBJECT17                                                          
5.0000000000194E-01 8.6602540378332E-01 0.000000000000E+00  0.000000000000E+00  
0.000000000000E+00  0.000000000000E+00  1.0000000000000E+00 0.000000000000E+00  
8.6602540378332E-01 -5.000000000019E-01 0.000000000000E+00  0.000000000000E+00  
2.6561837428661E+02 3.4640177680315E+01 2.2187516765039E+02 1.0000000000000E+00 
HIEROBJ  EHIEROBJECT70                                      NONE                
JFCTRIAD  HIEROBJECT17                                                          
-6.661338147751E-16 3.8459253727671E-16 1.0000000000000E+00 0.000000000000E+00  
-8.660254037844E-01 5.0000000000000E-01 -7.691850745534E-16 0.000000000000E+00  
-5.000000000000E-01 -8.660254037844E-01 0.000000000000E+00  0.000000000000E+00  
2.6436837428646E+02 3.2475114171020E+01 2.2187516765033E+02 1.0000000000000E+00 
HIEROBJ  EHIEROBJECT71                                      NONE                
JFCTRIAD  HIEROBJECT19                                                          
6.9017084835489E-16 -3.984703250845E-16 1.0000000000000E+00 0.000000000000E+00  
-8.660254037844E-01 5.0000000000000E-01 7.9694065016906E-16 0.000000000000E+00  
-5.000000000000E-01 -8.660254037844E-01 0.000000000000E+00  0.000000000000E+00  
2.6570561692965E+02 -6.397514930398E+00 2.2192963540510E+02 1.0000000000000E+00 
HIEROBJ  EHIEROBJECT72                                      NONE                
JFCTRIAD  HIEROBJECT19                                                          
5.0000000000194E-01 8.6602540378332E-01 0.000000000000E+00  0.000000000000E+00  
-1.922962686381E-16 1.1102230246295E-16 1.0000000000000E+00 0.000000000000E+00  
8.6602540378332E-01 -5.000000000019E-01 2.2204460492503E-16 0.000000000000E+00  
0.000000000000E+00  0.000000000000E+00  0.000000000000E+00  1.0000000000000E+00 
HIEROBJ  EHIEROBJECT73                                      NONE                
JFCTRIAD  HIEROBJECT19                                                          
5.0000000000194E-01 8.6602540378332E-01 0.000000000000E+00  0.000000000000E+00  
0.000000000000E+00  0.000000000000E+00  1.0000000000000E+00 0.000000000000E+00  
8.6602540378332E-01 -5.000000000019E-01 0.000000000000E+00  0.000000000000E+00  
2.6445561692953E+02 -8.562578439764E+00 2.2192963540512E+02 1.0000000000000E+00 
HIEROBJ  EHIEROBJECT74                                      NONE                
JFCTRIAD  HIEROBJECT19                                                          
6.9017084835489E-16 -3.984703250845E-16 1.0000000000000E+00 0.000000000000E+00  
-8.660254037844E-01 5.0000000000000E-01 7.9694065016906E-16 0.000000000000E+00  
-5.000000000000E-01 -8.660254037844E-01 0.000000000000E+00  0.000000000000E+00  
2.6570561692965E+02 -6.397514930398E+00 2.2192963540510E+02 1.0000000000000E+00 
HIEROBJ  EHIEROBJECT75                                      NONE                
JFCTRIAD  HIEROBJECT21                                                          
7.1420788193468E-16 -4.123481128923E-16 1.0000000000000E+00 0.000000000000E+00  
-8.660254037844E-01 5.0000000000000E-01 8.2469622578468E-16 0.000000000000E+00  
-5.000000000000E-01 -8.660254037844E-01 0.000000000000E+00  0.000000000000E+00  
2.8269571215802E+02 -1.620675098406E+01 2.2229188775614E+02 1.0000000000000E+00 
HIEROBJ  EHIEROBJECT76                                      NONE                
JFCTRIAD  HIEROBJECT21                                                          
5.0000000000192E-01 8.6602540378333E-01 0.000000000000E+00  0.000000000000E+00  
0.000000000000E+00  0.000000000000E+00  1.0000000000000E+00 0.000000000000E+00  
8.6602540378333E-01 -5.000000000019E-01 0.000000000000E+00  0.000000000000E+00  
0.000000000000E+00  0.000000000000E+00  0.000000000000E+00  1.0000000000000E+00 
HIEROBJ  EHIEROBJECT77                                      NONE                
JFCTRIAD  HIEROBJECT21                                                          
5.0000000000192E-01 8.6602540378333E-01 0.000000000000E+00  0.000000000000E+00  
0.000000000000E+00  0.000000000000E+00  1.0000000000000E+00 0.000000000000E+00  
8.6602540378333E-01 -5.000000000019E-01 0.000000000000E+00  0.000000000000E+00  
2.8144571215787E+02 -1.837181449370E+01 2.2229188775630E+02 1.0000000000000E+00 
HIEROBJ  EHIEROBJECT78                                      NONE                
JFCTRIAD  HIEROBJECT21                                                          
7.1420788193468E-16 -4.123481128923E-16 1.0000000000000E+00 0.000000000000E+00  
-8.660254037844E-01 5.0000000000000E-01 8.2469622578468E-16 0.000000000000E+00  
-5.000000000000E-01 -8.660254037844E-01 0.000000000000E+00  0.000000000000E+00  
2.8269571215802E+02 -1.620675098406E+01 2.2229188775614E+02 1.0000000000000E+00 
HIEROBJ  EHIEROBJECT79                                      NONE                
JFCTRIAD  HIEROBJECT23                                                          
-1.134260058205E-15 -3.707147494689E-16 -1.000000000000E+00 0.000000000000E+00  
-8.660254037844E-01 5.0000000000000E-01 7.9694065016906E-16 0.000000000000E+00  
5.0000000000000E-01 8.6602540378444E-01 -8.881784197001E-16 0.000000000000E+00  
2.4812034279040E+02 4.3326980968598E+00 2.2187516765033E+02 1.0000000000000E+00 
HIEROBJ  EHIEROBJECT80                                      NONE                
JFCTRIAD  HIEROBJECT23                                                          
5.0000000000194E-01 8.6602540378332E-01 0.000000000000E+00  0.000000000000E+00  
0.000000000000E+00  0.000000000000E+00  1.0000000000000E+00 0.000000000000E+00  
8.6602540378332E-01 -5.000000000019E-01 0.000000000000E+00  0.000000000000E+00  
0.000000000000E+00  0.000000000000E+00  0.000000000000E+00  1.0000000000000E+00 
HIEROBJ  EHIEROBJECT81                                      NONE                
JFCTRIAD  HIEROBJECT23                                                          
5.0000000000194E-01 8.6602540378332E-01 0.000000000000E+00  0.000000000000E+00  
0.000000000000E+00  0.000000000000E+00  1.0000000000000E+00 0.000000000000E+00  
8.6602540378332E-01 -5.000000000019E-01 0.000000000000E+00  0.000000000000E+00  
2.4687034279055E+02 2.1676345874016E+00 2.2187516765039E+02 1.0000000000000E+00 
HIEROBJ  EHIEROBJECT82                                      NONE                
