HIEROBJ  EWORLD                                             NONE                
ROOT                                                                            
1.0000000000000E+00 0.000000000000E+00  0.000000000000E+00  0.000000000000E+00  
0.000000000000E+00  1.0000000000000E+00 0.000000000000E+00  0.000000000000E+00  
0.000000000000E+00  0.000000000000E+00  1.0000000000000E+00 0.000000000000E+00  
0.000000000000E+00  0.000000000000E+00  0.000000000000E+00  1.0000000000000E+00 
HIEROBJ  EHIEROBJECT1                                       NONE                
BODYNCBF  WORLD                                   BODY1                         
1.0000000000000E+00 0.000000000000E+00  0.000000000000E+00  0.000000000000E+00  
0.000000000000E+00  1.0000000000000E+00 0.000000000000E+00  0.000000000000E+00  
0.000000000000E+00  0.000000000000E+00  1.0000000000000E+00 0.000000000000E+00  
0.000000000000E+00  0.000000000000E+00  0.000000000000E+00  1.0000000000000E+00 
HIEROBJ  EHIEROBJECT2                                       NONE                
CGTRIAD   HIEROBJECT1                                                           
-2.084201107257E-01 1.6898078628148E-01 9.6333096665308E-01 0.000000000000E+00  
1.7904962908222E-01 9.7490766839634E-01 -1.322734607831E-01 0.000000000000E+00  
-9.615104200010E-01 1.4491560292015E-01 -2.334463113003E-01 0.000000000000E+00  
4.0824025341811E+02 -5.923265680000E+01 2.0535049292441E+02 1.0000000000000E+00 
HIEROBJ  EHIEROBJECT3                                       NONE                
BODYNCBF  WORLD                                   BODY2                         
1.0000000000000E+00 0.000000000000E+00  0.000000000000E+00  0.000000000000E+00  
0.000000000000E+00  1.0000000000000E+00 0.000000000000E+00  0.000000000000E+00  
0.000000000000E+00  0.000000000000E+00  1.0000000000000E+00 0.000000000000E+00  
0.000000000000E+00  0.000000000000E+00  0.000000000000E+00  1.0000000000000E+00 
HIEROBJ  EHIEROBJECT4                                       NONE                
CGTRIAD   HIEROBJECT3                                                           
5.0000000000373E-01 8.6602540378228E-01 2.0865947858439E-13 0.000000000000E+00  
-8.565763211550E-02 4.9454456960284E-02 9.9509649117416E-01 0.000000000000E+00  
8.6177884057143E-01 -4.975482455908E-01 9.8908913920189E-02 0.000000000000E+00  
3.0371448211024E+02 2.3771959764567E+01 2.2519056660945E+02 1.0000000000000E+00 
HIEROBJ  EHIEROBJECT5                                       NONE                
BODYNCBF  WORLD                                   BODY3                         
1.0000000000000E+00 0.000000000000E+00  0.000000000000E+00  0.000000000000E+00  
0.000000000000E+00  1.0000000000000E+00 0.000000000000E+00  0.000000000000E+00  
0.000000000000E+00  0.000000000000E+00  1.0000000000000E+00 0.000000000000E+00  
0.000000000000E+00  0.000000000000E+00  0.000000000000E+00  1.0000000000000E+00 
HIEROBJ  EHIEROBJECT6                                       NONE                
CGTRIAD   HIEROBJECT5                                                           
5.0000000000373E-01 8.6602540378228E-01 2.0862478411487E-13 0.000000000000E+00  
-8.565763211550E-02 4.9454456960284E-02 9.9509649117416E-01 0.000000000000E+00  
8.6177884057143E-01 -4.975482455908E-01 9.8908913920189E-02 0.000000000000E+00  
2.8721645061417E+02 -4.803469011417E+00 2.2519056660945E+02 1.0000000000000E+00 
HIEROBJ  EHIEROBJECT7                                       NONE                
BODYNCBF  WORLD                                   BODY4                         
1.0000000000000E+00 0.000000000000E+00  0.000000000000E+00  0.000000000000E+00  
0.000000000000E+00  1.0000000000000E+00 0.000000000000E+00  0.000000000000E+00  
0.000000000000E+00  0.000000000000E+00  1.0000000000000E+00 0.000000000000E+00  
0.000000000000E+00  0.000000000000E+00  0.000000000000E+00  1.0000000000000E+00 
HIEROBJ  EHIEROBJECT8                                       NONE                
CGTRIAD   HIEROBJECT7                                                           
1.0399478997064E-04 -6.004141998418E-05 9.9999999279006E-01 0.000000000000E+00  
8.6602539753934E-01 -4.999999963969E-01 -1.200828399679E-04 0.000000000000E+00  
5.0000000000191E-01 8.6602540378333E-01 0.000000000000E+00  0.000000000000E+00  
2.8020329080472E+02 1.8295866543307E+01 2.3362491989646E+02 1.0000000000000E+00 
HIEROBJ  EHIEROBJECT9                                       NONE                
BODYNCBF  WORLD                                   BODY5                         
1.0000000000000E+00 0.000000000000E+00  0.000000000000E+00  0.000000000000E+00  
0.000000000000E+00  1.0000000000000E+00 0.000000000000E+00  0.000000000000E+00  
0.000000000000E+00  0.000000000000E+00  1.0000000000000E+00 0.000000000000E+00  
0.000000000000E+00  0.000000000000E+00  0.000000000000E+00  1.0000000000000E+00 
HIEROBJ  EHIEROBJECT10                                      NONE                
CGTRIAD   HIEROBJECT9                                                           
4.9999999999882E-01 8.6602540378512E-01 -9.413581025797E-13 0.000000000000E+00  
-2.206599508277E-01 1.2739808201037E-01 9.6699478530177E-01 0.000000000000E+00  
8.3744204939919E-01 -4.834973926495E-01 2.5479616401976E-01 0.000000000000E+00  
2.9078040323346E+02 3.0662103416535E+01 2.2925928635276E+02 1.0000000000000E+00 
HIEROBJ  EHIEROBJECT11                                      NONE                
BODYNCBF  WORLD                                   BODY6                         
1.0000000000000E+00 0.000000000000E+00  0.000000000000E+00  0.000000000000E+00  
0.000000000000E+00  1.0000000000000E+00 0.000000000000E+00  0.000000000000E+00  
0.000000000000E+00  0.000000000000E+00  1.0000000000000E+00 0.000000000000E+00  
0.000000000000E+00  0.000000000000E+00  0.000000000000E+00  1.0000000000000E+00 
HIEROBJ  EHIEROBJECT12                                      NONE                
CGTRIAD   HIEROBJECT11                                                          
4.9999999999882E-01 8.6602540378512E-01 -9.413997359431E-13 0.000000000000E+00  
-2.206599508277E-01 1.2739808201037E-01 9.6699478530177E-01 0.000000000000E+00  
8.3744204939919E-01 -4.834973926495E-01 2.5479616401976E-01 0.000000000000E+00  
2.7478237173740E+02 2.9527000444882E+00 2.2925928635276E+02 1.0000000000000E+00 
HIEROBJ  EHIEROBJECT13                                      NONE                
BODYNCBF  WORLD                                   BODY7                         
1.0000000000000E+00 0.000000000000E+00  0.000000000000E+00  0.000000000000E+00  
0.000000000000E+00  1.0000000000000E+00 0.000000000000E+00  0.000000000000E+00  
0.000000000000E+00  0.000000000000E+00  1.0000000000000E+00 0.000000000000E+00  
0.000000000000E+00  0.000000000000E+00  0.000000000000E+00  1.0000000000000E+00 
HIEROBJ  EHIEROBJECT14                                      NONE                
CGTRIAD   HIEROBJECT13                                                          
5.0000000000194E-01 8.6602540378332E-01 0.000000000000E+00  0.000000000000E+00  
0.000000000000E+00  0.000000000000E+00  1.0000000000000E+00 0.000000000000E+00  
8.6602540378332E-01 -5.000000000019E-01 0.000000000000E+00  0.000000000000E+00  
2.9611908770276E+02 3.1332589251181E+01 2.2137516765039E+02 1.0000000000000E+00 
HIEROBJ  EHIEROBJECT15                                      NONE                
BODYNCBF  WORLD                                   BODY8                         
1.0000000000000E+00 0.000000000000E+00  0.000000000000E+00  0.000000000000E+00  
0.000000000000E+00  1.0000000000000E+00 0.000000000000E+00  0.000000000000E+00  
0.000000000000E+00  0.000000000000E+00  1.0000000000000E+00 0.000000000000E+00  
0.000000000000E+00  0.000000000000E+00  0.000000000000E+00  1.0000000000000E+00 
HIEROBJ  EHIEROBJECT16                                      NONE                
CGTRIAD   HIEROBJECT15                                                          
5.0000000000191E-01 8.6602540378333E-01 0.000000000000E+00  0.000000000000E+00  
8.6602540378333E-01 -5.000000000019E-01 0.000000000000E+00  0.000000000000E+00  
0.000000000000E+00  0.000000000000E+00  -1.000000000000E+00 0.000000000000E+00  
3.1311207907992E+02 2.1521681105118E+01 2.2137516765039E+02 1.0000000000000E+00 
HIEROBJ  EHIEROBJECT17                                      NONE                
BODYNCBF  WORLD                                   BODY9                         
1.0000000000000E+00 0.000000000000E+00  0.000000000000E+00  0.000000000000E+00  
0.000000000000E+00  1.0000000000000E+00 0.000000000000E+00  0.000000000000E+00  
0.000000000000E+00  0.000000000000E+00  1.0000000000000E+00 0.000000000000E+00  
0.000000000000E+00  0.000000000000E+00  0.000000000000E+00  1.0000000000000E+00 
HIEROBJ  EHIEROBJECT18                                      NONE                
CGTRIAD   HIEROBJECT17                                                          
5.0000000000192E-01 8.6602540378333E-01 0.000000000000E+00  0.000000000000E+00  
0.000000000000E+00  0.000000000000E+00  1.0000000000000E+00 0.000000000000E+00  
8.6602540378333E-01 -5.000000000019E-01 0.000000000000E+00  0.000000000000E+00  
2.7887679829213E+02 4.0710079414567E+01 2.2137516765039E+02 1.0000000000000E+00 
HIEROBJ  EHIEROBJECT19                                      NONE                
BODYNCBF  WORLD                                   BODY10                        
1.0000000000000E+00 0.000000000000E+00  0.000000000000E+00  0.000000000000E+00  
0.000000000000E+00  1.0000000000000E+00 0.000000000000E+00  0.000000000000E+00  
0.000000000000E+00  0.000000000000E+00  1.0000000000000E+00 0.000000000000E+00  
0.000000000000E+00  0.000000000000E+00  0.000000000000E+00  1.0000000000000E+00 
HIEROBJ  EHIEROBJECT20                                      NONE                
CGTRIAD   HIEROBJECT19                                                          
5.0000000000192E-01 8.6602540378333E-01 0.000000000000E+00  0.000000000000E+00  
0.000000000000E+00  0.000000000000E+00  1.0000000000000E+00 0.000000000000E+00  
8.6602540378333E-01 -5.000000000019E-01 0.000000000000E+00  0.000000000000E+00  
2.7687105620669E+02 -2.005979245669E+00 2.2137516765039E+02 1.0000000000000E+00 
HIEROBJ  EHIEROBJECT21                                      NONE                
BODYNCBF  WORLD                                   BODY11                        
1.0000000000000E+00 0.000000000000E+00  0.000000000000E+00  0.000000000000E+00  
0.000000000000E+00  1.0000000000000E+00 0.000000000000E+00  0.000000000000E+00  
0.000000000000E+00  0.000000000000E+00  1.0000000000000E+00 0.000000000000E+00  
0.000000000000E+00  0.000000000000E+00  0.000000000000E+00  1.0000000000000E+00 
HIEROBJ  EHIEROBJECT22                                      NONE                
CGTRIAD   HIEROBJECT21                                                          
5.0000000000192E-01 8.6602540378333E-01 0.000000000000E+00  0.000000000000E+00  
0.000000000000E+00  0.000000000000E+00  1.0000000000000E+00 0.000000000000E+00  
8.6602540378333E-01 -5.000000000019E-01 0.000000000000E+00  0.000000000000E+00  
2.9386404758386E+02 -1.181688739173E+01 2.2137516765039E+02 1.0000000000000E+00 
HIEROBJ  EHIEROBJECT23                                      NONE                
BODYNCBF  WORLD                                   BODY12                        
1.0000000000000E+00 0.000000000000E+00  0.000000000000E+00  0.000000000000E+00  
0.000000000000E+00  1.0000000000000E+00 0.000000000000E+00  0.000000000000E+00  
0.000000000000E+00  0.000000000000E+00  1.0000000000000E+00 0.000000000000E+00  
0.000000000000E+00  0.000000000000E+00  0.000000000000E+00  1.0000000000000E+00 
HIEROBJ  EHIEROBJECT24                                      NONE                
CGTRIAD   HIEROBJECT23                                                          
5.0000000000194E-01 8.6602540378332E-01 0.000000000000E+00  0.000000000000E+00  
0.000000000000E+00  0.000000000000E+00  1.0000000000000E+00 0.000000000000E+00  
8.6602540378332E-01 -5.000000000019E-01 0.000000000000E+00  0.000000000000E+00  
2.6012876679606E+02 8.2375363216535E+00 2.2137516765039E+02 1.0000000000000E+00 
HIEROBJ  EHIEROBJECT25                                      NONE                
BODYNCBF  WORLD                                   BODY13                        
1.0000000000000E+00 0.000000000000E+00  0.000000000000E+00  0.000000000000E+00  
0.000000000000E+00  1.0000000000000E+00 0.000000000000E+00  0.000000000000E+00  
0.000000000000E+00  0.000000000000E+00  1.0000000000000E+00 0.000000000000E+00  
0.000000000000E+00  0.000000000000E+00  0.000000000000E+00  1.0000000000000E+00 
HIEROBJ  EHIEROBJECT26                                      NONE                
CGTRIAD   HIEROBJECT25                                                          
1.0000000000000E+00 0.000000000000E+00  0.000000000000E+00  0.000000000000E+00  
0.000000000000E+00  1.0000000000000E+00 0.000000000000E+00  0.000000000000E+00  
0.000000000000E+00  0.000000000000E+00  1.0000000000000E+00 0.000000000000E+00  
0.000000000000E+00  0.000000000000E+00  0.000000000000E+00  1.0000000000000E+00 
HIEROBJ  EHIEROBJECT27                                      NONE                
JFCTRIAD  HIEROBJECT1                                                           
-2.084201107257E-01 1.6898078628148E-01 9.6333096665308E-01 0.000000000000E+00  
1.7904962908222E-01 9.7490766839634E-01 -1.322734607831E-01 0.000000000000E+00  
-9.615104200010E-01 1.4491560292015E-01 -2.334463113003E-01 0.000000000000E+00  
0.000000000000E+00  0.000000000000E+00  0.000000000000E+00  1.0000000000000E+00 
HIEROBJ  EHIEROBJECT28                                      NONE                
JFCTRIAD  HIEROBJECT1                                                           
-2.084201107257E-01 1.6898078628148E-01 9.6333096665308E-01 0.000000000000E+00  
1.7904962908222E-01 9.7490766839634E-01 -1.322734607831E-01 0.000000000000E+00  
-9.615104200010E-01 1.4491560292015E-01 -2.334463113003E-01 0.000000000000E+00  
4.0824025341811E+02 -5.923265680000E+01 2.0535049292441E+02 1.0000000000000E+00 
HIEROBJ  EHIEROBJECT29                                      NONE                
JFCTRIAD  HIEROBJECT3                                                           
-6.661338147751E-16 3.8459253727671E-16 1.0000000000000E+00 0.000000000000E+00  
-8.660254037844E-01 5.0000000000000E-01 -7.691850745534E-16 0.000000000000E+00  
-5.000000000000E-01 -8.660254037844E-01 0.000000000000E+00  0.000000000000E+00  
3.0566432365774E+02 2.2357543087785E+01 2.2937476753043E+02 1.0000000000000E+00 
HIEROBJ  EHIEROBJECT30                                      NONE                
JFCTRIAD  HIEROBJECT3                                                           
0.000000000000E+00  0.000000000000E+00  1.0000000000000E+00 0.000000000000E+00  
-8.660254037844E-01 5.0000000000000E-01 0.000000000000E+00  0.000000000000E+00  
-5.000000000000E-01 -8.660254037844E-01 0.000000000000E+00  0.000000000000E+00  
2.9486908770265E+02 2.9167525741609E+01 2.2137516765033E+02 1.0000000000000E+00 
HIEROBJ  EHIEROBJECT31                                      NONE                
JFCTRIAD  HIEROBJECT3                                                           
-2.394416587016E-15 3.5683696166108E-16 -1.000000000000E+00 0.000000000000E+00  
-8.660254037844E-01 5.0000000000000E-01 2.2520440724290E-15 0.000000000000E+00  
5.0000000000000E-01 8.6602540378444E-01 -8.881784197001E-16 0.000000000000E+00  
3.1186207907980E+02 1.9356617595676E+01 2.2137516765033E+02 1.0000000000000E+00 
HIEROBJ  EHIEROBJECT32                                      NONE                
JFCTRIAD  HIEROBJECT3                                                           
5.0000000000373E-01 8.6602540378228E-01 2.0867335637220E-13 0.000000000000E+00  
-8.565763211550E-02 4.9454456960284E-02 9.9509649117416E-01 0.000000000000E+00  
8.6177884057143E-01 -4.975482455908E-01 9.8908913920189E-02 0.000000000000E+00  
0.000000000000E+00  0.000000000000E+00  0.000000000000E+00  1.0000000000000E+00 
HIEROBJ  EHIEROBJECT33                                      NONE                
JFCTRIAD  HIEROBJECT3                                                           
5.0000000000373E-01 8.6602540378228E-01 2.0870805084172E-13 0.000000000000E+00  
-8.565763211550E-02 4.9454456960284E-02 9.9509649117416E-01 0.000000000000E+00  
8.6177884057143E-01 -4.975482455908E-01 9.8908913920189E-02 0.000000000000E+00  
3.0371448211024E+02 2.3771959764567E+01 2.2519056660945E+02 1.0000000000000E+00 
HIEROBJ  EHIEROBJECT34                                      NONE                
JFCTRIAD  HIEROBJECT5                                                           
-7.142078819347E-16 4.1234811289234E-16 -1.000000000000E+00 0.000000000000E+00  
-8.660254037844E-01 5.0000000000000E-01 8.2469622578468E-16 0.000000000000E+00  
5.0000000000000E-01 8.6602540378444E-01 0.000000000000E+00  0.000000000000E+00  
2.8941629216168E+02 -5.784872986374E+00 2.2937476753043E+02 1.0000000000000E+00 
HIEROBJ  EHIEROBJECT35                                      NONE                
JFCTRIAD  HIEROBJECT5                                                           
1.8244309065598E-15 0.000000000000E+00  1.0000000000000E+00 0.000000000000E+00  
-8.660254037844E-01 5.0000000000000E-01 1.5938813003381E-15 0.000000000000E+00  
-5.000000000000E-01 -8.660254037844E-01 8.8817841970013E-16 0.000000000000E+00  
2.7812105620659E+02 1.5908426366420E-01 2.2137516765033E+02 1.0000000000000E+00 
HIEROBJ  EHIEROBJECT36                                      NONE                
JFCTRIAD  HIEROBJECT5                                                           
6.9017084835489E-16 -3.984703250845E-16 1.0000000000000E+00 0.000000000000E+00  
-8.660254037844E-01 5.0000000000000E-01 7.9694065016906E-16 0.000000000000E+00  
-5.000000000000E-01 -8.660254037844E-01 0.000000000000E+00  0.000000000000E+00  
2.9511404758374E+02 -9.651823882268E+00 2.2137516765033E+02 1.0000000000000E+00 
HIEROBJ  EHIEROBJECT37                                      NONE                
JFCTRIAD  HIEROBJECT5                                                           
5.0000000000373E-01 8.6602540378228E-01 2.0851376181241E-13 0.000000000000E+00  
-8.565763211550E-02 4.9454456960284E-02 9.9509649117416E-01 0.000000000000E+00  
8.6177884057143E-01 -4.975482455908E-01 9.8908913920190E-02 0.000000000000E+00  
0.000000000000E+00  0.000000000000E+00  0.000000000000E+00  1.0000000000000E+00 
HIEROBJ  EHIEROBJECT38                                      NONE                
JFCTRIAD  HIEROBJECT5                                                           
5.0000000000373E-01 8.6602540378228E-01 2.0881907314418E-13 0.000000000000E+00  
-8.565763211550E-02 4.9454456960284E-02 9.9509649117416E-01 0.000000000000E+00  
8.6177884057143E-01 -4.975482455908E-01 9.8908913920189E-02 0.000000000000E+00  
2.8721645061417E+02 -4.803469011417E+00 2.2519056660945E+02 1.0000000000000E+00 
HIEROBJ  EHIEROBJECT39                                      NONE                
JFCTRIAD  HIEROBJECT7                                                           
6.1805974761551E-16 -3.568369616611E-16 -1.000000000000E+00 0.000000000000E+00  
-8.660254037844E-01 5.0000000000000E-01 -7.136739233222E-16 0.000000000000E+00  
5.0000000000000E-01 8.6602540378444E-01 0.000000000000E+00  0.000000000000E+00  
2.9069143532549E+02 3.0424793927767E+01 2.3362440381244E+02 1.0000000000000E+00 
HIEROBJ  EHIEROBJECT40                                      NONE                
JFCTRIAD  HIEROBJECT7                                                           
7.6228194909427E-16 -4.401036885080E-16 -1.000000000000E+00 0.000000000000E+00  
-8.660254037844E-01 5.0000000000000E-01 -8.802073770159E-16 0.000000000000E+00  
5.0000000000000E-01 8.6602540378444E-01 0.000000000000E+00  0.000000000000E+00  
2.7494340382943E+02 3.1484032573911E+00 2.3362440381244E+02 1.0000000000000E+00 
HIEROBJ  EHIEROBJECT41                                      NONE                
JFCTRIAD  HIEROBJECT7                                                           
1.0399478997057E-04 -6.004141998414E-05 9.9999999279006E-01 0.000000000000E+00  
8.6602539753934E-01 -4.999999963969E-01 -1.200828399678E-04 0.000000000000E+00  
5.0000000000191E-01 8.6602540378333E-01 0.000000000000E+00  0.000000000000E+00  
0.000000000000E+00  0.000000000000E+00  0.000000000000E+00  1.0000000000000E+00 
HIEROBJ  EHIEROBJECT42                                      NONE                
JFCTRIAD  HIEROBJECT7                                                           
1.0399478997057E-04 -6.004141998414E-05 9.9999999279006E-01 0.000000000000E+00  
8.6602539753934E-01 -4.999999963969E-01 -1.200828399678E-04 0.000000000000E+00  
5.0000000000191E-01 8.6602540378333E-01 0.000000000000E+00  0.000000000000E+00  
2.8020329080472E+02 1.8295866543307E+01 2.3362491989646E+02 1.0000000000000E+00 
HIEROBJ  EHIEROBJECT43                                      NONE                
JFCTRIAD  HIEROBJECT9                                                           
6.1805974761551E-16 -3.568369616611E-16 -1.000000000000E+00 0.000000000000E+00  
-8.660254037844E-01 5.0000000000000E-01 -7.136739233222E-16 0.000000000000E+00  
5.0000000000000E-01 8.6602540378444E-01 0.000000000000E+00  0.000000000000E+00  
2.9069143532549E+02 3.0424793927767E+01 2.3362440381244E+02 1.0000000000000E+00 
HIEROBJ  EHIEROBJECT44                                      NONE                
JFCTRIAD  HIEROBJECT9                                                           
-6.661338147751E-16 3.8459253727671E-16 1.0000000000000E+00 0.000000000000E+00  
-8.660254037844E-01 5.0000000000000E-01 -7.691850745534E-16 0.000000000000E+00  
-5.000000000000E-01 -8.660254037844E-01 0.000000000000E+00  0.000000000000E+00  
3.0566432365774E+02 2.2357543087785E+01 2.2937476753043E+02 1.0000000000000E+00 
HIEROBJ  EHIEROBJECT45                                      NONE                
JFCTRIAD  HIEROBJECT9                                                           
-6.661338147751E-16 3.8459253727671E-16 1.0000000000000E+00 0.000000000000E+00  
-8.660254037844E-01 5.0000000000000E-01 -7.691850745534E-16 0.000000000000E+00  
-5.000000000000E-01 -8.660254037844E-01 0.000000000000E+00  0.000000000000E+00  
2.7762679829201E+02 3.8545015905102E+01 2.2137516765033E+02 1.0000000000000E+00 
HIEROBJ  EHIEROBJECT46                                      NONE                
JFCTRIAD  HIEROBJECT9                                                           
4.9999999999882E-01 8.6602540378512E-01 -9.415246360334E-13 0.000000000000E+00  
-2.206599508277E-01 1.2739808201037E-01 9.6699478530177E-01 0.000000000000E+00  
8.3744204939919E-01 -4.834973926495E-01 2.5479616401976E-01 0.000000000000E+00  
0.000000000000E+00  0.000000000000E+00  0.000000000000E+00  1.0000000000000E+00 
HIEROBJ  EHIEROBJECT47                                      NONE                
JFCTRIAD  HIEROBJECT9                                                           
4.9999999999882E-01 8.6602540378512E-01 -9.416495361236E-13 0.000000000000E+00  
-2.206599508277E-01 1.2739808201037E-01 9.6699478530177E-01 0.000000000000E+00  
8.3744204939919E-01 -4.834973926495E-01 2.5479616401976E-01 0.000000000000E+00  
2.9078040323346E+02 3.0662103416535E+01 2.2925928635276E+02 1.0000000000000E+00 
HIEROBJ  EHIEROBJECT48                                      NONE                
JFCTRIAD  HIEROBJECT11                                                          
7.6228194909427E-16 -4.401036885080E-16 -1.000000000000E+00 0.000000000000E+00  
-8.660254037844E-01 5.0000000000000E-01 -8.802073770159E-16 0.000000000000E+00  
5.0000000000000E-01 8.6602540378444E-01 0.000000000000E+00  0.000000000000E+00  
2.7494340382943E+02 3.1484032573911E+00 2.3362440381244E+02 1.0000000000000E+00 
HIEROBJ  EHIEROBJECT49                                      NONE                
JFCTRIAD  HIEROBJECT11                                                          
-7.142078819347E-16 4.1234811289234E-16 -1.000000000000E+00 0.000000000000E+00  
-8.660254037844E-01 5.0000000000000E-01 8.2469622578468E-16 0.000000000000E+00  
5.0000000000000E-01 8.6602540378444E-01 0.000000000000E+00  0.000000000000E+00  
2.8941629216168E+02 -5.784872986374E+00 2.2937476753043E+02 1.0000000000000E+00 
HIEROBJ  EHIEROBJECT50                                      NONE                
JFCTRIAD  HIEROBJECT11                                                          
-7.142078819347E-16 4.1234811289234E-16 -1.000000000000E+00 0.000000000000E+00  
-8.660254037844E-01 5.0000000000000E-01 8.2469622578468E-16 0.000000000000E+00  
5.0000000000000E-01 8.6602540378444E-01 0.000000000000E+00  0.000000000000E+00  
2.6137876679594E+02 1.0402599830941E+01 2.2137516765033E+02 1.0000000000000E+00 
HIEROBJ  EHIEROBJECT51                                      NONE                
JFCTRIAD  HIEROBJECT11                                                          
4.9999999999882E-01 8.6602540378512E-01 -9.414274915187E-13 0.000000000000E+00  
-2.206599508277E-01 1.2739808201037E-01 9.6699478530177E-01 0.000000000000E+00  
8.3744204939919E-01 -4.834973926495E-01 2.5479616401976E-01 0.000000000000E+00  
0.000000000000E+00  0.000000000000E+00  0.000000000000E+00  1.0000000000000E+00 
HIEROBJ  EHIEROBJECT52                                      NONE                
JFCTRIAD  HIEROBJECT11                                                          
4.9999999999882E-01 8.6602540378512E-01 -9.413442247919E-13 0.000000000000E+00  
-2.206599508277E-01 1.2739808201037E-01 9.6699478530177E-01 0.000000000000E+00  
8.3744204939919E-01 -4.834973926495E-01 2.5479616401976E-01 0.000000000000E+00  
2.7478237173740E+02 2.9527000444882E+00 2.2925928635276E+02 1.0000000000000E+00 
HIEROBJ  EHIEROBJECT53                                      NONE                
JFCTRIAD  HIEROBJECT13                                                          
0.000000000000E+00  0.000000000000E+00  1.0000000000000E+00 0.000000000000E+00  
-8.660254037844E-01 5.0000000000000E-01 0.000000000000E+00  0.000000000000E+00  
-5.000000000000E-01 -8.660254037844E-01 0.000000000000E+00  0.000000000000E+00  
2.9486908770265E+02 2.9167525741609E+01 2.2137516765033E+02 1.0000000000000E+00 
HIEROBJ  EHIEROBJECT54                                      NONE                
JFCTRIAD  HIEROBJECT13                                                          
5.0000000000194E-01 8.6602540378332E-01 0.000000000000E+00  0.000000000000E+00  
-1.922962686381E-16 1.1102230246295E-16 1.0000000000000E+00 0.000000000000E+00  
8.6602540378332E-01 -5.000000000019E-01 2.2204460492503E-16 0.000000000000E+00  
0.000000000000E+00  0.000000000000E+00  0.000000000000E+00  1.0000000000000E+00 
HIEROBJ  EHIEROBJECT55                                      NONE                
JFCTRIAD  HIEROBJECT13                                                          
5.0000000000194E-01 8.6602540378332E-01 0.000000000000E+00  0.000000000000E+00  
0.000000000000E+00  0.000000000000E+00  1.0000000000000E+00 0.000000000000E+00  
8.6602540378332E-01 -5.000000000019E-01 0.000000000000E+00  0.000000000000E+00  
2.9611908770276E+02 3.1332589251181E+01 2.2137516765039E+02 1.0000000000000E+00 
HIEROBJ  EHIEROBJECT56                                      NONE                
JFCTRIAD  HIEROBJECT15                                                          
-2.394416587016E-15 3.5683696166108E-16 -1.000000000000E+00 0.000000000000E+00  
-8.660254037844E-01 5.0000000000000E-01 2.2520440724290E-15 0.000000000000E+00  
5.0000000000000E-01 8.6602540378444E-01 -8.881784197001E-16 0.000000000000E+00  
3.1186207907980E+02 1.9356617595676E+01 2.2137516765033E+02 1.0000000000000E+00 
HIEROBJ  EHIEROBJECT57                                      NONE                
JFCTRIAD  HIEROBJECT15                                                          
5.0000000000191E-01 8.6602540378333E-01 1.0605752387236E-16 0.000000000000E+00  
8.6602540378333E-01 -5.000000000019E-01 0.000000000000E+00  0.000000000000E+00  
0.000000000000E+00  1.2246467991474E-16 -1.000000000000E+00 0.000000000000E+00  
0.000000000000E+00  0.000000000000E+00  0.000000000000E+00  1.0000000000000E+00 
HIEROBJ  EHIEROBJECT58                                      NONE                
JFCTRIAD  HIEROBJECT15                                                          
5.0000000000191E-01 8.6602540378333E-01 0.000000000000E+00  0.000000000000E+00  
8.6602540378333E-01 -5.000000000019E-01 0.000000000000E+00  0.000000000000E+00  
0.000000000000E+00  1.1102230246252E-16 -1.000000000000E+00 0.000000000000E+00  
3.1311207907992E+02 2.1521681105118E+01 2.2137516765039E+02 1.0000000000000E+00 
HIEROBJ  EHIEROBJECT59                                      NONE                
JFCTRIAD  HIEROBJECT17                                                          
-6.661338147751E-16 3.8459253727671E-16 1.0000000000000E+00 0.000000000000E+00  
-8.660254037844E-01 5.0000000000000E-01 -7.691850745534E-16 0.000000000000E+00  
-5.000000000000E-01 -8.660254037844E-01 0.000000000000E+00  0.000000000000E+00  
2.7762679829201E+02 3.8545015905102E+01 2.2137516765033E+02 1.0000000000000E+00 
HIEROBJ  EHIEROBJECT60                                      NONE                
JFCTRIAD  HIEROBJECT17                                                          
5.0000000000192E-01 8.6602540378333E-01 0.000000000000E+00  0.000000000000E+00  
-1.922962686381E-16 1.1102230246294E-16 1.0000000000000E+00 0.000000000000E+00  
8.6602540378333E-01 -5.000000000019E-01 2.2204460492503E-16 0.000000000000E+00  
0.000000000000E+00  0.000000000000E+00  0.000000000000E+00  1.0000000000000E+00 
HIEROBJ  EHIEROBJECT61                                      NONE                
JFCTRIAD  HIEROBJECT17                                                          
5.0000000000192E-01 8.6602540378333E-01 0.000000000000E+00  0.000000000000E+00  
0.000000000000E+00  0.000000000000E+00  1.0000000000000E+00 0.000000000000E+00  
8.6602540378333E-01 -5.000000000019E-01 0.000000000000E+00  0.000000000000E+00  
2.7887679829213E+02 4.0710079414567E+01 2.2137516765039E+02 1.0000000000000E+00 
HIEROBJ  EHIEROBJECT62                                      NONE                
JFCTRIAD  HIEROBJECT19                                                          
1.8244309065598E-15 0.000000000000E+00  1.0000000000000E+00 0.000000000000E+00  
-8.660254037844E-01 5.0000000000000E-01 1.5938813003381E-15 0.000000000000E+00  
-5.000000000000E-01 -8.660254037844E-01 8.8817841970013E-16 0.000000000000E+00  
2.7812105620659E+02 1.5908426366420E-01 2.2137516765033E+02 1.0000000000000E+00 
HIEROBJ  EHIEROBJECT63                                      NONE                
JFCTRIAD  HIEROBJECT19                                                          
5.0000000000192E-01 8.6602540378333E-01 0.000000000000E+00  0.000000000000E+00  
0.000000000000E+00  0.000000000000E+00  1.0000000000000E+00 0.000000000000E+00  
8.6602540378333E-01 -5.000000000019E-01 0.000000000000E+00  0.000000000000E+00  
0.000000000000E+00  0.000000000000E+00  0.000000000000E+00  1.0000000000000E+00 
HIEROBJ  EHIEROBJECT64                                      NONE                
JFCTRIAD  HIEROBJECT19                                                          
5.0000000000192E-01 8.6602540378333E-01 0.000000000000E+00  0.000000000000E+00  
0.000000000000E+00  0.000000000000E+00  1.0000000000000E+00 0.000000000000E+00  
8.6602540378333E-01 -5.000000000019E-01 0.000000000000E+00  0.000000000000E+00  
2.7687105620669E+02 -2.005979245669E+00 2.2137516765039E+02 1.0000000000000E+00 
HIEROBJ  EHIEROBJECT65                                      NONE                
JFCTRIAD  HIEROBJECT21                                                          
6.9017084835489E-16 -3.984703250845E-16 1.0000000000000E+00 0.000000000000E+00  
-8.660254037844E-01 5.0000000000000E-01 7.9694065016906E-16 0.000000000000E+00  
-5.000000000000E-01 -8.660254037844E-01 0.000000000000E+00  0.000000000000E+00  
2.9511404758374E+02 -9.651823882268E+00 2.2137516765033E+02 1.0000000000000E+00 
HIEROBJ  EHIEROBJECT66                                      NONE                
JFCTRIAD  HIEROBJECT21                                                          
5.0000000000192E-01 8.6602540378333E-01 0.000000000000E+00  0.000000000000E+00  
0.000000000000E+00  0.000000000000E+00  1.0000000000000E+00 0.000000000000E+00  
8.6602540378333E-01 -5.000000000019E-01 0.000000000000E+00  0.000000000000E+00  
0.000000000000E+00  0.000000000000E+00  0.000000000000E+00  1.0000000000000E+00 
HIEROBJ  EHIEROBJECT67                                      NONE                
JFCTRIAD  HIEROBJECT21                                                          
5.0000000000192E-01 8.6602540378333E-01 0.000000000000E+00  0.000000000000E+00  
0.000000000000E+00  0.000000000000E+00  1.0000000000000E+00 0.000000000000E+00  
8.6602540378333E-01 -5.000000000019E-01 0.000000000000E+00  0.000000000000E+00  
2.9386404758386E+02 -1.181688739173E+01 2.2137516765039E+02 1.0000000000000E+00 
HIEROBJ  EHIEROBJECT68                                      NONE                
JFCTRIAD  HIEROBJECT23                                                          
-7.142078819347E-16 4.1234811289234E-16 -1.000000000000E+00 0.000000000000E+00  
-8.660254037844E-01 5.0000000000000E-01 8.2469622578468E-16 0.000000000000E+00  
5.0000000000000E-01 8.6602540378444E-01 0.000000000000E+00  0.000000000000E+00  
2.6137876679594E+02 1.0402599830941E+01 2.2137516765033E+02 1.0000000000000E+00 
HIEROBJ  EHIEROBJECT69                                      NONE                
JFCTRIAD  HIEROBJECT23                                                          
5.0000000000194E-01 8.6602540378332E-01 0.000000000000E+00  0.000000000000E+00  
-1.922962686381E-16 1.1102230246295E-16 1.0000000000000E+00 0.000000000000E+00  
8.6602540378332E-01 -5.000000000019E-01 2.2204460492503E-16 0.000000000000E+00  
0.000000000000E+00  0.000000000000E+00  0.000000000000E+00  1.0000000000000E+00 
HIEROBJ  EHIEROBJECT70                                      NONE                
JFCTRIAD  HIEROBJECT23                                                          
5.0000000000194E-01 8.6602540378332E-01 0.000000000000E+00  0.000000000000E+00  
0.000000000000E+00  0.000000000000E+00  1.0000000000000E+00 0.000000000000E+00  
8.6602540378332E-01 -5.000000000019E-01 0.000000000000E+00  0.000000000000E+00  
2.6012876679606E+02 8.2375363216535E+00 2.2137516765039E+02 1.0000000000000E+00 
HIEROBJ  EHIEROBJECT71                                      NONE                
JFCTRIAD  HIEROBJECT25                                                          
1.0000000000000E+00 0.000000000000E+00  0.000000000000E+00  0.000000000000E+00  
0.000000000000E+00  1.0000000000000E+00 0.000000000000E+00  0.000000000000E+00  
0.000000000000E+00  0.000000000000E+00  1.0000000000000E+00 0.000000000000E+00  
0.000000000000E+00  0.000000000000E+00  0.000000000000E+00  1.0000000000000E+00 
NAMEMAP   WORLD               5    5    UTF8 UTF8 ELEMENT                       
WORLD                                                                           
WORLD                                                                           
NAMEMAP   HIEROBJECT1         24   24   UTF8 UTF8 ELEMENT                       
INCLINE30/INCLINE30_NCBF                                                        
INCLINE30/INCLINE30_NCBF                                                        
NAMEMAP   HIEROBJECT2         22   22   UTF8 UTF8 ELEMENT                       
INCLINE30/INCLINE30_cm                                                          
INCLINE30/INCLINE30_cm                                                          
NAMEMAP   HIEROBJECT3         24   24   UTF8 UTF8 ELEMENT                       
SAR_BOGIE/SAR_BOGIE_NCBF                                                        
SAR_BOGIE/SAR_BOGIE_NCBF                                                        
NAMEMAP   HIEROBJECT4         22   22   UTF8 UTF8 ELEMENT                       
SAR_BOGIE/SAR_BOGIE_cm                                                          
SAR_BOGIE/SAR_BOGIE_cm                                                          
NAMEMAP   HIEROBJECT5         28   28   UTF8 UTF8 ELEMENT                       
SAR_BOGIE_1/SAR_BOGIE_1_NCBF                                                    
SAR_BOGIE_1/SAR_BOGIE_1_NCBF                                                    
NAMEMAP   HIEROBJECT6         26   26   UTF8 UTF8 ELEMENT                       
SAR_BOGIE_1/SAR_BOGIE_1_cm                                                      
SAR_BOGIE_1/SAR_BOGIE_1_cm                                                      
NAMEMAP   HIEROBJECT7         28   28   UTF8 UTF8 ELEMENT                       
SAR_CHASSIS/SAR_CHASSIS_NCBF                                                    
SAR_CHASSIS/SAR_CHASSIS_NCBF                                                    
NAMEMAP   HIEROBJECT8         26   26   UTF8 UTF8 ELEMENT                       
SAR_CHASSIS/SAR_CHASSIS_cm                                                      
SAR_CHASSIS/SAR_CHASSIS_cm                                                      
NAMEMAP   HIEROBJECT9         26   26   UTF8 UTF8 ELEMENT                       
SAR_ROCKER/SAR_ROCKER_NCBF                                                      
SAR_ROCKER/SAR_ROCKER_NCBF                                                      
NAMEMAP   HIEROBJECT10        24   24   UTF8 UTF8 ELEMENT                       
SAR_ROCKER/SAR_ROCKER_cm                                                        
SAR_ROCKER/SAR_ROCKER_cm                                                        
NAMEMAP   HIEROBJECT11        30   30   UTF8 UTF8 ELEMENT                       
SAR_ROCKER_1/SAR_ROCKER_1_NCBF                                                  
SAR_ROCKER_1/SAR_ROCKER_1_NCBF                                                  
NAMEMAP   HIEROBJECT12        28   28   UTF8 UTF8 ELEMENT                       
SAR_ROCKER_1/SAR_ROCKER_1_cm                                                    
SAR_ROCKER_1/SAR_ROCKER_1_cm                                                    
NAMEMAP   HIEROBJECT13        26   26   UTF8 UTF8 ELEMENT                       
SAR_WHEELS/SAR_WHEELS_NCBF                                                      
SAR_WHEELS/SAR_WHEELS_NCBF                                                      
NAMEMAP   HIEROBJECT14        24   24   UTF8 UTF8 ELEMENT                       
SAR_WHEELS/SAR_WHEELS_cm                                                        
SAR_WHEELS/SAR_WHEELS_cm                                                        
NAMEMAP   HIEROBJECT15        30   30   UTF8 UTF8 ELEMENT                       
SAR_WHEELS_1/SAR_WHEELS_1_NCBF                                                  
SAR_WHEELS_1/SAR_WHEELS_1_NCBF                                                  
NAMEMAP   HIEROBJECT16        28   28   UTF8 UTF8 ELEMENT                       
SAR_WHEELS_1/SAR_WHEELS_1_cm                                                    
SAR_WHEELS_1/SAR_WHEELS_1_cm                                                    
NAMEMAP   HIEROBJECT17        30   30   UTF8 UTF8 ELEMENT                       
SAR_WHEELS_2/SAR_WHEELS_2_NCBF                                                  
SAR_WHEELS_2/SAR_WHEELS_2_NCBF                                                  
NAMEMAP   HIEROBJECT18        28   28   UTF8 UTF8 ELEMENT                       
SAR_WHEELS_2/SAR_WHEELS_2_cm                                                    
SAR_WHEELS_2/SAR_WHEELS_2_cm                                                    
NAMEMAP   HIEROBJECT19        30   30   UTF8 UTF8 ELEMENT                       
SAR_WHEELS_3/SAR_WHEELS_3_NCBF                                                  
SAR_WHEELS_3/SAR_WHEELS_3_NCBF                                                  
NAMEMAP   HIEROBJECT20        28   28   UTF8 UTF8 ELEMENT                       
