HIEROBJ  EWORLD                                             NONE                
ROOT                                                                            
1.0000000000000E+00 0.000000000000E+00  0.000000000000E+00  0.000000000000E+00  
0.000000000000E+00  1.0000000000000E+00 0.000000000000E+00  0.000000000000E+00  
0.000000000000E+00  0.000000000000E+00  1.0000000000000E+00 0.000000000000E+00  
0.000000000000E+00  0.000000000000E+00  0.000000000000E+00  1.0000000000000E+00 
HIEROBJ  EHIEROBJECT1                                       NONE                
BODYNCBF  WORLD                                   BODY1                         
1.0000000000000E+00 0.000000000000E+00  0.000000000000E+00  0.000000000000E+00  
0.000000000000E+00  1.0000000000000E+00 0.000000000000E+00  0.000000000000E+00  
0.000000000000E+00  0.000000000000E+00  1.0000000000000E+00 0.000000000000E+00  
0.000000000000E+00  0.000000000000E+00  0.000000000000E+00  1.0000000000000E+00 
HIEROBJ  EHIEROBJECT2                                       NONE                
CGTRIAD   HIEROBJECT1                                                           
-1.633507156902E-01 0.000000000000E+00  9.8656806338109E-01 0.000000000000E+00  
0.000000000000E+00  1.0000000000000E+00 0.000000000000E+00  0.000000000000E+00  
-9.865680633811E-01 0.000000000000E+00  -1.633507156902E-01 0.000000000000E+00  
4.0470620812992E+02 -5.066774628110E+01 2.0199676988386E+02 1.0000000000000E+00 
HIEROBJ  EHIEROBJECT3                                       NONE                
BODYNCBF  WORLD                                   BODY2                         
1.0000000000000E+00 0.000000000000E+00  0.000000000000E+00  0.000000000000E+00  
0.000000000000E+00  1.0000000000000E+00 0.000000000000E+00  0.000000000000E+00  
0.000000000000E+00  0.000000000000E+00  1.0000000000000E+00 0.000000000000E+00  
0.000000000000E+00  0.000000000000E+00  0.000000000000E+00  1.0000000000000E+00 
HIEROBJ  EHIEROBJECT4                                       NONE                
CGTRIAD   HIEROBJECT3                                                           
-5.000000000037E-01 8.6602540378229E-01 -2.055300374337E-13 0.000000000000E+00  
-8.565763211547E-02 -4.945445696027E-02 9.9509649117417E-01 0.000000000000E+00  
8.6177884057143E-01 4.9754824559081E-01 9.8908913920155E-02 0.000000000000E+00  
2.9658757493346E+02 -6.734590940748E+01 2.2569056660945E+02 1.0000000000000E+00 
HIEROBJ  EHIEROBJECT5                                       NONE                
BODYNCBF  WORLD                                   BODY3                         
1.0000000000000E+00 0.000000000000E+00  0.000000000000E+00  0.000000000000E+00  
0.000000000000E+00  1.0000000000000E+00 0.000000000000E+00  0.000000000000E+00  
0.000000000000E+00  0.000000000000E+00  1.0000000000000E+00 0.000000000000E+00  
0.000000000000E+00  0.000000000000E+00  0.000000000000E+00  1.0000000000000E+00 
HIEROBJ  EHIEROBJECT6                                       NONE                
CGTRIAD   HIEROBJECT5                                                           
-5.000000000037E-01 8.6602540378229E-01 -2.085068229185E-13 0.000000000000E+00  
-8.565763211547E-02 -4.945445696027E-02 9.9509649117417E-01 0.000000000000E+00  
8.6177884057143E-01 4.9754824559081E-01 9.8908913920155E-02 0.000000000000E+00  
3.1308560642953E+02 -9.592133818386E+01 2.2569056660945E+02 1.0000000000000E+00 
HIEROBJ  EHIEROBJECT7                                       NONE                
BODYNCBF  WORLD                                   BODY4                         
1.0000000000000E+00 0.000000000000E+00  0.000000000000E+00  0.000000000000E+00  
0.000000000000E+00  1.0000000000000E+00 0.000000000000E+00  0.000000000000E+00  
0.000000000000E+00  0.000000000000E+00  1.0000000000000E+00 0.000000000000E+00  
0.000000000000E+00  0.000000000000E+00  0.000000000000E+00  1.0000000000000E+00 
HIEROBJ  EHIEROBJECT8                                       NONE                
CGTRIAD   HIEROBJECT7                                                           
6.3922864110693E-01 3.6905882801869E-01 6.7467201353700E-01 0.000000000000E+00  
-5.842831029447E-01 -3.373360067698E-01 7.3811765603455E-01 0.000000000000E+00  
5.0000000000191E-01 -8.660254037833E-01 0.000000000000E+00  0.000000000000E+00  
2.8357139096299E+02 -9.391109257756E+01 2.3838030472520E+02 1.0000000000000E+00 
HIEROBJ  EHIEROBJECT9                                       NONE                
BODYNCBF  WORLD                                   BODY5                         
1.0000000000000E+00 0.000000000000E+00  0.000000000000E+00  0.000000000000E+00  
0.000000000000E+00  1.0000000000000E+00 0.000000000000E+00  0.000000000000E+00  
0.000000000000E+00  0.000000000000E+00  1.0000000000000E+00 0.000000000000E+00  
0.000000000000E+00  0.000000000000E+00  0.000000000000E+00  1.0000000000000E+00 
HIEROBJ  EHIEROBJECT10                                      NONE                
CGTRIAD   HIEROBJECT9                                                           
-4.999999999988E-01 8.6602540378513E-01 9.4527163874147E-13 0.000000000000E+00  
-2.206599508276E-01 -1.273980820104E-01 9.6699478530177E-01 0.000000000000E+00  
8.3744204939920E-01 4.8349739264952E-01 2.5479616401975E-01 0.000000000000E+00  
2.8415349605669E+02 -7.510207846339E+01 2.2975928635276E+02 1.0000000000000E+00 
HIEROBJ  EHIEROBJECT11                                      NONE                
BODYNCBF  WORLD                                   BODY6                         
1.0000000000000E+00 0.000000000000E+00  0.000000000000E+00  0.000000000000E+00  
0.000000000000E+00  1.0000000000000E+00 0.000000000000E+00  0.000000000000E+00  
0.000000000000E+00  0.000000000000E+00  1.0000000000000E+00 0.000000000000E+00  
0.000000000000E+00  0.000000000000E+00  0.000000000000E+00  1.0000000000000E+00 
HIEROBJ  EHIEROBJECT12                                      NONE                
CGTRIAD   HIEROBJECT11                                                          
-4.999999999988E-01 8.6602540378513E-01 9.4527163874147E-13 0.000000000000E+00  
-2.206599508276E-01 -1.273980820104E-01 9.6699478530177E-01 0.000000000000E+00  
8.3744204939920E-01 4.8349739264952E-01 2.5479616401975E-01 0.000000000000E+00  
3.0015152755276E+02 -1.028114818358E+02 2.2975928635276E+02 1.0000000000000E+00 
HIEROBJ  EHIEROBJECT13                                      NONE                
BODYNCBF  WORLD                                   BODY7                         
1.0000000000000E+00 0.000000000000E+00  0.000000000000E+00  0.000000000000E+00  
0.000000000000E+00  1.0000000000000E+00 0.000000000000E+00  0.000000000000E+00  
0.000000000000E+00  0.000000000000E+00  1.0000000000000E+00 0.000000000000E+00  
0.000000000000E+00  0.000000000000E+00  0.000000000000E+00  1.0000000000000E+00 
HIEROBJ  EHIEROBJECT14                                      NONE                
CGTRIAD   HIEROBJECT13                                                          
-5.000000000019E-01 8.6602540378333E-01 0.000000000000E+00  0.000000000000E+00  
8.6602540378333E-01 5.0000000000191E-01 0.000000000000E+00  0.000000000000E+00  
0.000000000000E+00  0.000000000000E+00  -1.000000000000E+00 0.000000000000E+00  
2.8624218052559E+02 -7.014339917323E+01 2.2187516765039E+02 1.0000000000000E+00 
HIEROBJ  EHIEROBJECT15                                      NONE                
BODYNCBF  WORLD                                   BODY8                         
1.0000000000000E+00 0.000000000000E+00  0.000000000000E+00  0.000000000000E+00  
0.000000000000E+00  1.0000000000000E+00 0.000000000000E+00  0.000000000000E+00  
0.000000000000E+00  0.000000000000E+00  1.0000000000000E+00 0.000000000000E+00  
0.000000000000E+00  0.000000000000E+00  0.000000000000E+00  1.0000000000000E+00 
HIEROBJ  EHIEROBJECT16                                      NONE                
CGTRIAD   HIEROBJECT15                                                          
-5.000000000019E-01 8.6602540378332E-01 0.000000000000E+00  0.000000000000E+00  
8.6602540378332E-01 5.0000000000194E-01 0.000000000000E+00  0.000000000000E+00  
0.000000000000E+00  0.000000000000E+00  -1.000000000000E+00 0.000000000000E+00  
3.0323517190276E+02 -6.033249102717E+01 2.2187516765039E+02 1.0000000000000E+00 
HIEROBJ  EHIEROBJECT17                                      NONE                
BODYNCBF  WORLD                                   BODY9                         
1.0000000000000E+00 0.000000000000E+00  0.000000000000E+00  0.000000000000E+00  
0.000000000000E+00  1.0000000000000E+00 0.000000000000E+00  0.000000000000E+00  
0.000000000000E+00  0.000000000000E+00  1.0000000000000E+00 0.000000000000E+00  
0.000000000000E+00  0.000000000000E+00  0.000000000000E+00  1.0000000000000E+00 
HIEROBJ  EHIEROBJECT18                                      NONE                
CGTRIAD   HIEROBJECT17                                                          
-5.000000000019E-01 8.6602540378333E-01 0.000000000000E+00  0.000000000000E+00  
8.6602540378333E-01 5.0000000000191E-01 0.000000000000E+00  0.000000000000E+00  
0.000000000000E+00  0.000000000000E+00  -1.000000000000E+00 0.000000000000E+00  
2.6949989111496E+02 -8.038691474055E+01 2.2187516765039E+02 1.0000000000000E+00 
HIEROBJ  EHIEROBJECT19                                      NONE                
BODYNCBF  WORLD                                   BODY10                        
1.0000000000000E+00 0.000000000000E+00  0.000000000000E+00  0.000000000000E+00  
0.000000000000E+00  1.0000000000000E+00 0.000000000000E+00  0.000000000000E+00  
0.000000000000E+00  0.000000000000E+00  1.0000000000000E+00 0.000000000000E+00  
0.000000000000E+00  0.000000000000E+00  0.000000000000E+00  1.0000000000000E+00 
HIEROBJ  EHIEROBJECT20                                      NONE                
CGTRIAD   HIEROBJECT19                                                          
-5.000000000019E-01 8.6602540378333E-01 0.000000000000E+00  0.000000000000E+00  
8.6602540378333E-01 5.0000000000192E-01 0.000000000000E+00  0.000000000000E+00  
0.000000000000E+00  0.000000000000E+00  -1.000000000000E+00 0.000000000000E+00  
3.0549021202165E+02 -1.034819676701E+02 2.2187516765039E+02 1.0000000000000E+00 
HIEROBJ  EHIEROBJECT21                                      NONE                
BODYNCBF  WORLD                                   BODY11                        
1.0000000000000E+00 0.000000000000E+00  0.000000000000E+00  0.000000000000E+00  
0.000000000000E+00  1.0000000000000E+00 0.000000000000E+00  0.000000000000E+00  
0.000000000000E+00  0.000000000000E+00  1.0000000000000E+00 0.000000000000E+00  
0.000000000000E+00  0.000000000000E+00  0.000000000000E+00  1.0000000000000E+00 
HIEROBJ  EHIEROBJECT22                                      NONE                
CGTRIAD   HIEROBJECT21                                                          
-5.000000000019E-01 8.6602540378335E-01 0.000000000000E+00  0.000000000000E+00  
8.6602540378335E-01 5.0000000000189E-01 0.000000000000E+00  0.000000000000E+00  
0.000000000000E+00  0.000000000000E+00  -1.000000000000E+00 0.000000000000E+00  
3.2248320339882E+02 -9.367105952441E+01 2.2187516765039E+02 1.0000000000000E+00 
HIEROBJ  EHIEROBJECT23                                      NONE                
BODYNCBF  WORLD                                   BODY12                        
1.0000000000000E+00 0.000000000000E+00  0.000000000000E+00  0.000000000000E+00  
0.000000000000E+00  1.0000000000000E+00 0.000000000000E+00  0.000000000000E+00  
0.000000000000E+00  0.000000000000E+00  1.0000000000000E+00 0.000000000000E+00  
0.000000000000E+00  0.000000000000E+00  0.000000000000E+00  1.0000000000000E+00 
HIEROBJ  EHIEROBJECT24                                      NONE                
CGTRIAD   HIEROBJECT23                                                          
-5.000000000019E-01 8.6602540378333E-01 0.000000000000E+00  0.000000000000E+00  
8.6602540378333E-01 5.0000000000191E-01 0.000000000000E+00  0.000000000000E+00  
0.000000000000E+00  0.000000000000E+00  -1.000000000000E+00 0.000000000000E+00  
2.8824792261102E+02 -1.128594578335E+02 2.2187516765039E+02 1.0000000000000E+00 
HIEROBJ  EHIEROBJECT25                                      NONE                
BODYNCBF  WORLD                                   BODY13                        
1.0000000000000E+00 0.000000000000E+00  0.000000000000E+00  0.000000000000E+00  
0.000000000000E+00  1.0000000000000E+00 0.000000000000E+00  0.000000000000E+00  
0.000000000000E+00  0.000000000000E+00  1.0000000000000E+00 0.000000000000E+00  
0.000000000000E+00  0.000000000000E+00  0.000000000000E+00  1.0000000000000E+00 
HIEROBJ  EHIEROBJECT26                                      NONE                
CGTRIAD   HIEROBJECT25                                                          
1.0000000000000E+00 0.000000000000E+00  0.000000000000E+00  0.000000000000E+00  
0.000000000000E+00  1.0000000000000E+00 0.000000000000E+00  0.000000000000E+00  
0.000000000000E+00  0.000000000000E+00  1.0000000000000E+00 0.000000000000E+00  
0.000000000000E+00  0.000000000000E+00  0.000000000000E+00  1.0000000000000E+00 
HIEROBJ  EHIEROBJECT27                                      NONE                
JFCTRIAD  HIEROBJECT1                                                           
-1.633507156902E-01 0.000000000000E+00  9.8656806338109E-01 0.000000000000E+00  
0.000000000000E+00  1.0000000000000E+00 0.000000000000E+00  0.000000000000E+00  
-9.865680633811E-01 0.000000000000E+00  -1.633507156902E-01 0.000000000000E+00  
0.000000000000E+00  0.000000000000E+00  0.000000000000E+00  1.0000000000000E+00 
HIEROBJ  EHIEROBJECT28                                      NONE                
JFCTRIAD  HIEROBJECT1                                                           
-1.633507156902E-01 0.000000000000E+00  9.8656806338109E-01 0.000000000000E+00  
0.000000000000E+00  1.0000000000000E+00 0.000000000000E+00  0.000000000000E+00  
-9.865680633811E-01 0.000000000000E+00  -1.633507156902E-01 0.000000000000E+00  
4.0470620812992E+02 -5.066774628110E+01 2.0199676988386E+02 1.0000000000000E+00 
HIEROBJ  EHIEROBJECT29                                      NONE                
JFCTRIAD  HIEROBJECT3                                                           
-1.680208705081E-15 0.000000000000E+00  -1.000000000000E+00 0.000000000000E+00  
8.6602540378444E-01 5.0000000000000E-01 -1.427347846644E-15 0.000000000000E+00  
5.0000000000000E-01 -8.660254037844E-01 -8.881784197001E-16 0.000000000000E+00  
2.9878741648074E+02 -6.636450543272E+01 2.2987476753043E+02 1.0000000000000E+00 
HIEROBJ  EHIEROBJECT30                                      NONE                
JFCTRIAD  HIEROBJECT3                                                           
-1.680208705081E-15 0.000000000000E+00  -1.000000000000E+00 0.000000000000E+00  
8.6602540378444E-01 5.0000000000000E-01 -1.427347846644E-15 0.000000000000E+00  
5.0000000000000E-01 -8.660254037844E-01 -8.881784197001E-16 0.000000000000E+00  
2.8749218052565E+02 -7.230846268276E+01 2.2187516765033E+02 1.0000000000000E+00 
HIEROBJ  EHIEROBJECT31                                      NONE                
JFCTRIAD  HIEROBJECT3                                                           
-1.206371158944E-15 3.2908138604545E-16 1.0000000000000E+00 0.000000000000E+00  
8.6602540378444E-01 5.0000000000000E-01 8.8020737701594E-16 0.000000000000E+00  
-5.000000000000E-01 8.6602540378444E-01 -8.881784197001E-16 0.000000000000E+00  
3.0448517190280E+02 -6.249755453681E+01 2.2187516765033E+02 1.0000000000000E+00 
HIEROBJ  EHIEROBJECT32                                      NONE                
JFCTRIAD  HIEROBJECT3                                                           
-5.000000000037E-01 8.6602540378229E-01 -2.057659598265E-13 0.000000000000E+00  
-8.565763211547E-02 -4.945445696027E-02 9.9509649117417E-01 0.000000000000E+00  
8.6177884057143E-01 4.9754824559081E-01 9.8908913920155E-02 0.000000000000E+00  
0.000000000000E+00  0.000000000000E+00  0.000000000000E+00  1.0000000000000E+00 
HIEROBJ  EHIEROBJECT33                                      NONE                
JFCTRIAD  HIEROBJECT3                                                           
-5.000000000037E-01 8.6602540378229E-01 -2.060851489460E-13 0.000000000000E+00  
-8.565763211547E-02 -4.945445696027E-02 9.9509649117417E-01 0.000000000000E+00  
8.6177884057143E-01 4.9754824559081E-01 9.8908913920155E-02 0.000000000000E+00  
2.9658757493346E+02 -6.734590940748E+01 2.2569056660945E+02 1.0000000000000E+00 
HIEROBJ  EHIEROBJECT34                                      NONE                
JFCTRIAD  HIEROBJECT3                                                           
-1.206371158944E-15 3.2908138604545E-16 1.0000000000000E+00 0.000000000000E+00  
8.6602540378444E-01 5.0000000000000E-01 8.8020737701594E-16 0.000000000000E+00  
-5.000000000000E-01 8.6602540378444E-01 -8.881784197001E-16 0.000000000000E+00  
3.0448517190280E+02 -6.249755453681E+01 2.2187516765033E+02 1.0000000000000E+00 
HIEROBJ  EHIEROBJECT35                                      NONE                
JFCTRIAD  HIEROBJECT3                                                           
-1.680208705081E-15 0.000000000000E+00  -1.000000000000E+00 0.000000000000E+00  
8.6602540378444E-01 5.0000000000000E-01 -1.427347846644E-15 0.000000000000E+00  
5.0000000000000E-01 -8.660254037844E-01 -8.881784197001E-16 0.000000000000E+00  
2.8749218052565E+02 -7.230846268276E+01 2.2187516765033E+02 1.0000000000000E+00 
HIEROBJ  EHIEROBJECT36                                      NONE                
JFCTRIAD  HIEROBJECT5                                                           
0.000000000000E+00  0.000000000000E+00  1.0000000000000E+00 0.000000000000E+00  
8.6602540378444E-01 5.0000000000000E-01 0.000000000000E+00  0.000000000000E+00  
-5.000000000000E-01 8.6602540378444E-01 0.000000000000E+00  0.000000000000E+00  
3.1503544797680E+02 -9.450692150685E+01 2.2987476753043E+02 1.0000000000000E+00 
HIEROBJ  EHIEROBJECT37                                      NONE                
JFCTRIAD  HIEROBJECT5                                                           
-6.661338147751E-16 -3.845925372767E-16 -1.000000000000E+00 0.000000000000E+00  
8.6602540378444E-01 5.0000000000000E-01 -7.691850745534E-16 0.000000000000E+00  
5.0000000000000E-01 -8.660254037844E-01 0.000000000000E+00  0.000000000000E+00  
3.0424021202172E+02 -1.013169041607E+02 2.2187516765033E+02 1.0000000000000E+00 
HIEROBJ  EHIEROBJECT38                                      NONE                
JFCTRIAD  HIEROBJECT5                                                           
1.9229626863836E-16 1.1102230246252E-16 -1.000000000000E+00 0.000000000000E+00  
8.6602540378444E-01 5.0000000000000E-01 2.2204460492503E-16 0.000000000000E+00  
5.0000000000000E-01 -8.660254037844E-01 0.000000000000E+00  0.000000000000E+00  
3.2123320339887E+02 -9.150599601476E+01 2.2187516765033E+02 1.0000000000000E+00 
HIEROBJ  EHIEROBJECT39                                      NONE                
JFCTRIAD  HIEROBJECT5                                                           
-5.000000000037E-01 8.6602540378229E-01 -2.081945726928E-13 0.000000000000E+00  
-8.565763211547E-02 -4.945445696027E-02 9.9509649117417E-01 0.000000000000E+00  
8.6177884057143E-01 4.9754824559081E-01 9.8908913920155E-02 0.000000000000E+00  
0.000000000000E+00  0.000000000000E+00  0.000000000000E+00  1.0000000000000E+00 
HIEROBJ  EHIEROBJECT40                                      NONE                
JFCTRIAD  HIEROBJECT5                                                           
-5.000000000037E-01 8.6602540378229E-01 -2.077990557403E-13 0.000000000000E+00  
-8.565763211547E-02 -4.945445696027E-02 9.9509649117417E-01 0.000000000000E+00  
8.6177884057143E-01 4.9754824559081E-01 9.8908913920154E-02 0.000000000000E+00  
3.1308560642953E+02 -9.592133818386E+01 2.2569056660945E+02 1.0000000000000E+00 
HIEROBJ  EHIEROBJECT41                                      NONE                
JFCTRIAD  HIEROBJECT5                                                           
-6.661338147751E-16 -3.845925372767E-16 -1.000000000000E+00 0.000000000000E+00  
8.6602540378444E-01 5.0000000000000E-01 -7.691850745534E-16 0.000000000000E+00  
5.0000000000000E-01 -8.660254037844E-01 0.000000000000E+00  0.000000000000E+00  
3.0424021202172E+02 -1.013169041607E+02 2.2187516765033E+02 1.0000000000000E+00 
HIEROBJ  EHIEROBJECT42                                      NONE                
JFCTRIAD  HIEROBJECT5                                                           
1.9229626863836E-16 1.1102230246252E-16 -1.000000000000E+00 0.000000000000E+00  
8.6602540378444E-01 5.0000000000000E-01 2.2204460492503E-16 0.000000000000E+00  
5.0000000000000E-01 -8.660254037844E-01 0.000000000000E+00  0.000000000000E+00  
3.2123320339887E+02 -9.150599601476E+01 2.2187516765033E+02 1.0000000000000E+00 
HIEROBJ  EHIEROBJECT43                                      NONE                
JFCTRIAD  HIEROBJECT7                                                           
1.7763568394002E-15 0.000000000000E+00  1.0000000000000E+00 0.000000000000E+00  
8.6602540378444E-01 5.0000000000000E-01 -1.538370149107E-15 0.000000000000E+00  
-5.000000000000E-01 8.6602540378444E-01 8.8817841970013E-16 0.000000000000E+00  
2.8431452814849E+02 -7.529778167646E+01 2.3412440381244E+02 1.0000000000000E+00 
HIEROBJ  EHIEROBJECT44                                      NONE                
JFCTRIAD  HIEROBJECT7                                                           
1.7763568394002E-15 0.000000000000E+00  1.0000000000000E+00 0.000000000000E+00  
8.6602540378444E-01 5.0000000000000E-01 -1.538370149107E-15 0.000000000000E+00  
-5.000000000000E-01 8.6602540378444E-01 8.8817841970013E-16 0.000000000000E+00  
3.0006255964455E+02 -1.025741723469E+02 2.3412440381244E+02 1.0000000000000E+00 
HIEROBJ  EHIEROBJECT45                                      NONE                
JFCTRIAD  HIEROBJECT7                                                           
6.3922864110693E-01 3.6905882801869E-01 6.7467201353700E-01 0.000000000000E+00  
-5.842831029447E-01 -3.373360067698E-01 7.3811765603455E-01 0.000000000000E+00  
5.0000000000191E-01 -8.660254037833E-01 0.000000000000E+00  0.000000000000E+00  
0.000000000000E+00  0.000000000000E+00  0.000000000000E+00  1.0000000000000E+00 
HIEROBJ  EHIEROBJECT46                                      NONE                
JFCTRIAD  HIEROBJECT7                                                           
6.3922864110693E-01 3.6905882801869E-01 6.7467201353700E-01 0.000000000000E+00  
-5.842831029447E-01 -3.373360067698E-01 7.3811765603455E-01 0.000000000000E+00  
5.0000000000191E-01 -8.660254037833E-01 0.000000000000E+00  0.000000000000E+00  
2.8357139096299E+02 -9.391109257756E+01 2.3838030472520E+02 1.0000000000000E+00 
HIEROBJ  EHIEROBJECT47                                      NONE                
JFCTRIAD  HIEROBJECT9                                                           
1.7763568394002E-15 0.000000000000E+00  1.0000000000000E+00 0.000000000000E+00  
8.6602540378444E-01 5.0000000000000E-01 -1.538370149107E-15 0.000000000000E+00  
-5.000000000000E-01 8.6602540378444E-01 8.8817841970013E-16 0.000000000000E+00  
2.8431452814849E+02 -7.529778167646E+01 2.3412440381244E+02 1.0000000000000E+00 
HIEROBJ  EHIEROBJECT48                                      NONE                
JFCTRIAD  HIEROBJECT9                                                           
-1.680208705081E-15 0.000000000000E+00  -1.000000000000E+00 0.000000000000E+00  
8.6602540378444E-01 5.0000000000000E-01 -1.427347846644E-15 0.000000000000E+00  
5.0000000000000E-01 -8.660254037844E-01 -8.881784197001E-16 0.000000000000E+00  
2.9878741648074E+02 -6.636450543272E+01 2.2987476753043E+02 1.0000000000000E+00 
HIEROBJ  EHIEROBJECT49                                      NONE                
JFCTRIAD  HIEROBJECT9                                                           
-1.776356839400E-15 0.000000000000E+00  -1.000000000000E+00 0.000000000000E+00  
8.6602540378444E-01 5.0000000000000E-01 -1.538370149107E-15 0.000000000000E+00  
5.0000000000000E-01 -8.660254037844E-01 -8.881784197001E-16 0.000000000000E+00  
2.7074989111501E+02 -8.255197825004E+01 2.2187516765033E+02 1.0000000000000E+00 
HIEROBJ  EHIEROBJECT50                                      NONE                
JFCTRIAD  HIEROBJECT9                                                           
-4.999999999988E-01 8.6602540378513E-01 9.4539653883174E-13 0.000000000000E+00  
-2.206599508276E-01 -1.273980820104E-01 9.6699478530177E-01 0.000000000000E+00  
8.3744204939920E-01 4.8349739264952E-01 2.5479616401975E-01 0.000000000000E+00  
0.000000000000E+00  0.000000000000E+00  0.000000000000E+00  1.0000000000000E+00 
HIEROBJ  EHIEROBJECT51                                      NONE                
JFCTRIAD  HIEROBJECT9                                                           
-4.999999999988E-01 8.6602540378513E-01 9.4525776095367E-13 0.000000000000E+00  
-2.206599508276E-01 -1.273980820104E-01 9.6699478530177E-01 0.000000000000E+00  
8.3744204939920E-01 4.8349739264952E-01 2.5479616401975E-01 0.000000000000E+00  
2.8415349605669E+02 -7.510207846339E+01 2.2975928635276E+02 1.0000000000000E+00 
HIEROBJ  EHIEROBJECT52                                      NONE                
JFCTRIAD  HIEROBJECT9                                                           
-1.776356839400E-15 0.000000000000E+00  -1.000000000000E+00 0.000000000000E+00  
8.6602540378444E-01 5.0000000000000E-01 -1.538370149107E-15 0.000000000000E+00  
5.0000000000000E-01 -8.660254037844E-01 -8.881784197001E-16 0.000000000000E+00  
2.7074989111501E+02 -8.255197825004E+01 2.2187516765033E+02 1.0000000000000E+00 
HIEROBJ  EHIEROBJECT53                                      NONE                
JFCTRIAD  HIEROBJECT11                                                          
1.7763568394002E-15 0.000000000000E+00  1.0000000000000E+00 0.000000000000E+00  
8.6602540378444E-01 5.0000000000000E-01 -1.538370149107E-15 0.000000000000E+00  
-5.000000000000E-01 8.6602540378444E-01 8.8817841970013E-16 0.000000000000E+00  
3.0006255964455E+02 -1.025741723469E+02 2.3412440381244E+02 1.0000000000000E+00 
HIEROBJ  EHIEROBJECT54                                      NONE                
JFCTRIAD  HIEROBJECT11                                                          
0.000000000000E+00  0.000000000000E+00  1.0000000000000E+00 0.000000000000E+00  
8.6602540378444E-01 5.0000000000000E-01 0.000000000000E+00  0.000000000000E+00  
-5.000000000000E-01 8.6602540378444E-01 0.000000000000E+00  0.000000000000E+00  
3.1503544797680E+02 -9.450692150685E+01 2.2987476753043E+02 1.0000000000000E+00 
HIEROBJ  EHIEROBJECT55                                      NONE                
JFCTRIAD  HIEROBJECT11                                                          
6.6613381477509E-16 3.8459253727671E-16 1.0000000000000E+00 0.000000000000E+00  
8.6602540378444E-01 5.0000000000000E-01 -7.691850745534E-16 0.000000000000E+00  
-5.000000000000E-01 8.6602540378444E-01 0.000000000000E+00  0.000000000000E+00  
2.8699792261107E+02 -1.106943943242E+02 2.2187516765033E+02 1.0000000000000E+00 
HIEROBJ  EHIEROBJECT56                                      NONE                
JFCTRIAD  HIEROBJECT11                                                          
-4.999999999988E-01 8.6602540378513E-01 9.4539653883174E-13 0.000000000000E+00  
-2.206599508276E-01 -1.273980820104E-01 9.6699478530177E-01 0.000000000000E+00  
8.3744204939920E-01 4.8349739264952E-01 2.5479616401975E-01 0.000000000000E+00  
0.000000000000E+00  0.000000000000E+00  0.000000000000E+00  1.0000000000000E+00 
HIEROBJ  EHIEROBJECT57                                      NONE                
JFCTRIAD  HIEROBJECT11                                                          
-4.999999999988E-01 8.6602540378513E-01 9.4525776095367E-13 0.000000000000E+00  
-2.206599508276E-01 -1.273980820104E-01 9.6699478530177E-01 0.000000000000E+00  
8.3744204939920E-01 4.8349739264952E-01 2.5479616401975E-01 0.000000000000E+00  
3.0015152755276E+02 -1.028114818358E+02 2.2975928635276E+02 1.0000000000000E+00 
HIEROBJ  EHIEROBJECT58                                      NONE                
JFCTRIAD  HIEROBJECT11                                                          
6.6613381477509E-16 3.8459253727671E-16 1.0000000000000E+00 0.000000000000E+00  
8.6602540378444E-01 5.0000000000000E-01 -7.691850745534E-16 0.000000000000E+00  
-5.000000000000E-01 8.6602540378444E-01 0.000000000000E+00  0.000000000000E+00  
2.8699792261107E+02 -1.106943943242E+02 2.2187516765033E+02 1.0000000000000E+00 
HIEROBJ  EHIEROBJECT59                                      NONE                
JFCTRIAD  HIEROBJECT13                                                          
-1.680208705081E-15 0.000000000000E+00  -1.000000000000E+00 0.000000000000E+00  
8.6602540378444E-01 5.0000000000000E-01 -1.427347846644E-15 0.000000000000E+00  
5.0000000000000E-01 -8.660254037844E-01 -8.881784197001E-16 0.000000000000E+00  
2.8749218052565E+02 -7.230846268276E+01 2.2187516765033E+02 1.0000000000000E+00 
HIEROBJ  EHIEROBJECT60                                      NONE                
JFCTRIAD  HIEROBJECT13                                                          
-5.000000000019E-01 8.6602540378333E-01 1.0605752387236E-16 0.000000000000E+00  
8.6602540378333E-01 5.0000000000191E-01 0.000000000000E+00  0.000000000000E+00  
0.000000000000E+00  1.2246467991474E-16 -1.000000000000E+00 0.000000000000E+00  
0.000000000000E+00  0.000000000000E+00  0.000000000000E+00  1.0000000000000E+00 
HIEROBJ  EHIEROBJECT61                                      NONE                
JFCTRIAD  HIEROBJECT13                                                          
-5.000000000019E-01 8.6602540378333E-01 1.9229626863811E-16 0.000000000000E+00  
8.6602540378333E-01 5.0000000000191E-01 1.1102230246294E-16 0.000000000000E+00  
0.000000000000E+00  2.2204460492503E-16 -1.000000000000E+00 0.000000000000E+00  
2.8624218052559E+02 -7.014339917323E+01 2.2187516765039E+02 1.0000000000000E+00 
HIEROBJ  EHIEROBJECT62                                      NONE                
JFCTRIAD  HIEROBJECT13                                                          
-1.680208705081E-15 0.000000000000E+00  -1.000000000000E+00 0.000000000000E+00  
8.6602540378444E-01 5.0000000000000E-01 -1.427347846644E-15 0.000000000000E+00  
5.0000000000000E-01 -8.660254037844E-01 -8.881784197001E-16 0.000000000000E+00  
2.8749218052565E+02 -7.230846268276E+01 2.2187516765033E+02 1.0000000000000E+00 
HIEROBJ  EHIEROBJECT63                                      NONE                
JFCTRIAD  HIEROBJECT15                                                          
-1.206371158944E-15 3.2908138604545E-16 1.0000000000000E+00 0.000000000000E+00  
8.6602540378444E-01 5.0000000000000E-01 8.8020737701594E-16 0.000000000000E+00  
-5.000000000000E-01 8.6602540378444E-01 -8.881784197001E-16 0.000000000000E+00  
3.0448517190280E+02 -6.249755453681E+01 2.2187516765033E+02 1.0000000000000E+00 
HIEROBJ  EHIEROBJECT64                                      NONE                
JFCTRIAD  HIEROBJECT15                                                          
-5.000000000019E-01 8.6602540378332E-01 1.0605752387235E-16 0.000000000000E+00  
8.6602540378332E-01 5.0000000000194E-01 0.000000000000E+00  0.000000000000E+00  
0.000000000000E+00  1.2246467991474E-16 -1.000000000000E+00 0.000000000000E+00  
0.000000000000E+00  0.000000000000E+00  0.000000000000E+00  1.0000000000000E+00 
HIEROBJ  EHIEROBJECT65                                      NONE                
JFCTRIAD  HIEROBJECT15                                                          
-5.000000000019E-01 8.6602540378332E-01 1.9229626863811E-16 0.000000000000E+00  
8.6602540378332E-01 5.0000000000194E-01 1.1102230246295E-16 0.000000000000E+00  
0.000000000000E+00  2.2204460492503E-16 -1.000000000000E+00 0.000000000000E+00  
3.0323517190276E+02 -6.033249102717E+01 2.2187516765039E+02 1.0000000000000E+00 
HIEROBJ  EHIEROBJECT66                                      NONE                
JFCTRIAD  HIEROBJECT15                                                          
-1.206371158944E-15 3.2908138604545E-16 1.0000000000000E+00 0.000000000000E+00  
8.6602540378444E-01 5.0000000000000E-01 8.8020737701594E-16 0.000000000000E+00  
-5.000000000000E-01 8.6602540378444E-01 -8.881784197001E-16 0.000000000000E+00  
3.0448517190280E+02 -6.249755453681E+01 2.2187516765033E+02 1.0000000000000E+00 
HIEROBJ  EHIEROBJECT67                                      NONE                
JFCTRIAD  HIEROBJECT17                                                          
-1.776356839400E-15 0.000000000000E+00  -1.000000000000E+00 0.000000000000E+00  
8.6602540378444E-01 5.0000000000000E-01 -1.538370149107E-15 0.000000000000E+00  
5.0000000000000E-01 -8.660254037844E-01 -8.881784197001E-16 0.000000000000E+00  
2.7074989111501E+02 -8.255197825004E+01 2.2187516765033E+02 1.0000000000000E+00 
HIEROBJ  EHIEROBJECT68                                      NONE                
JFCTRIAD  HIEROBJECT17                                                          
-5.000000000019E-01 8.6602540378333E-01 1.0605752387236E-16 0.000000000000E+00  
8.6602540378333E-01 5.0000000000191E-01 0.000000000000E+00  0.000000000000E+00  
0.000000000000E+00  1.2246467991474E-16 -1.000000000000E+00 0.000000000000E+00  
0.000000000000E+00  0.000000000000E+00  0.000000000000E+00  1.0000000000000E+00 
HIEROBJ  EHIEROBJECT69                                      NONE                
JFCTRIAD  HIEROBJECT17                                                          
-5.000000000019E-01 8.6602540378333E-01 0.000000000000E+00  0.000000000000E+00  
8.6602540378333E-01 5.0000000000191E-01 0.000000000000E+00  0.000000000000E+00  
0.000000000000E+00  0.000000000000E+00  -1.000000000000E+00 0.000000000000E+00  
2.6949989111496E+02 -8.038691474055E+01 2.2187516765039E+02 1.0000000000000E+00 
HIEROBJ  EHIEROBJECT70                                      NONE                
JFCTRIAD  HIEROBJECT17                                                          
-1.776356839400E-15 0.000000000000E+00  -1.000000000000E+00 0.000000000000E+00  
8.6602540378444E-01 5.0000000000000E-01 -1.538370149107E-15 0.000000000000E+00  
5.0000000000000E-01 -8.660254037844E-01 -8.881784197001E-16 0.000000000000E+00  
2.7074989111501E+02 -8.255197825004E+01 2.2187516765033E+02 1.0000000000000E+00 
HIEROBJ  EHIEROBJECT71                                      NONE                
JFCTRIAD  HIEROBJECT19                                                          
-6.661338147751E-16 -3.845925372767E-16 -1.000000000000E+00 0.000000000000E+00  
8.6602540378444E-01 5.0000000000000E-01 -7.691850745534E-16 0.000000000000E+00  
5.0000000000000E-01 -8.660254037844E-01 0.000000000000E+00  0.000000000000E+00  
3.0424021202172E+02 -1.013169041607E+02 2.2187516765033E+02 1.0000000000000E+00 
HIEROBJ  EHIEROBJECT72                                      NONE                
JFCTRIAD  HIEROBJECT19                                                          
-5.000000000019E-01 8.6602540378333E-01 1.0605752387235E-16 0.000000000000E+00  
8.6602540378333E-01 5.0000000000192E-01 0.000000000000E+00  0.000000000000E+00  
0.000000000000E+00  1.2246467991474E-16 -1.000000000000E+00 0.000000000000E+00  
0.000000000000E+00  0.000000000000E+00  0.000000000000E+00  1.0000000000000E+00 
HIEROBJ  EHIEROBJECT73                                      NONE                
JFCTRIAD  HIEROBJECT19                                                          
-5.000000000019E-01 8.6602540378333E-01 0.000000000000E+00  0.000000000000E+00  
8.6602540378333E-01 5.0000000000192E-01 0.000000000000E+00  0.000000000000E+00  
0.000000000000E+00  0.000000000000E+00  -1.000000000000E+00 0.000000000000E+00  
3.0549021202165E+02 -1.034819676701E+02 2.2187516765039E+02 1.0000000000000E+00 
HIEROBJ  EHIEROBJECT74                                      NONE                
JFCTRIAD  HIEROBJECT19                                                          
-6.661338147751E-16 -3.845925372767E-16 -1.000000000000E+00 0.000000000000E+00  
8.6602540378444E-01 5.0000000000000E-01 -7.691850745534E-16 0.000000000000E+00  
5.0000000000000E-01 -8.660254037844E-01 0.000000000000E+00  0.000000000000E+00  
3.0424021202172E+02 -1.013169041607E+02 2.2187516765033E+02 1.0000000000000E+00 
HIEROBJ  EHIEROBJECT75                                      NONE                
JFCTRIAD  HIEROBJECT21                                                          
1.9229626863836E-16 1.1102230246252E-16 -1.000000000000E+00 0.000000000000E+00  
8.6602540378444E-01 5.0000000000000E-01 2.2204460492503E-16 0.000000000000E+00  
5.0000000000000E-01 -8.660254037844E-01 0.000000000000E+00  0.000000000000E+00  
3.2123320339887E+02 -9.150599601476E+01 2.2187516765033E+02 1.0000000000000E+00 
HIEROBJ  EHIEROBJECT76                                      NONE                
JFCTRIAD  HIEROBJECT21                                                          
-5.000000000019E-01 8.6602540378335E-01 1.0605752387236E-16 0.000000000000E+00  
8.6602540378335E-01 5.0000000000189E-01 0.000000000000E+00  0.000000000000E+00  
0.000000000000E+00  1.2246467991474E-16 -1.000000000000E+00 0.000000000000E+00  
0.000000000000E+00  0.000000000000E+00  0.000000000000E+00  1.0000000000000E+00 
HIEROBJ  EHIEROBJECT77                                      NONE                
JFCTRIAD  HIEROBJECT21                                                          
-5.000000000019E-01 8.6602540378335E-01 0.000000000000E+00  0.000000000000E+00  
8.6602540378335E-01 5.0000000000189E-01 0.000000000000E+00  0.000000000000E+00  
0.000000000000E+00  0.000000000000E+00  -1.000000000000E+00 0.000000000000E+00  
3.2248320339882E+02 -9.367105952441E+01 2.2187516765039E+02 1.0000000000000E+00 
HIEROBJ  EHIEROBJECT78                                      NONE                
JFCTRIAD  HIEROBJECT21                                                          
1.9229626863836E-16 1.1102230246252E-16 -1.000000000000E+00 0.000000000000E+00  
8.6602540378444E-01 5.0000000000000E-01 2.2204460492503E-16 0.000000000000E+00  
5.0000000000000E-01 -8.660254037844E-01 0.000000000000E+00  0.000000000000E+00  
3.2123320339887E+02 -9.150599601476E+01 2.2187516765033E+02 1.0000000000000E+00 
HIEROBJ  EHIEROBJECT79                                      NONE                
JFCTRIAD  HIEROBJECT23                                                          
6.6613381477509E-16 3.8459253727671E-16 1.0000000000000E+00 0.000000000000E+00  
8.6602540378444E-01 5.0000000000000E-01 -7.691850745534E-16 0.000000000000E+00  
-5.000000000000E-01 8.6602540378444E-01 0.000000000000E+00  0.000000000000E+00  
2.8699792261107E+02 -1.106943943242E+02 2.2187516765033E+02 1.0000000000000E+00 
HIEROBJ  EHIEROBJECT80                                      NONE                
JFCTRIAD  HIEROBJECT23                                                          
-5.000000000019E-01 8.6602540378333E-01 1.0605752387236E-16 0.000000000000E+00  
8.6602540378333E-01 5.0000000000191E-01 0.000000000000E+00  0.000000000000E+00  
0.000000000000E+00  1.2246467991474E-16 -1.000000000000E+00 0.000000000000E+00  
0.000000000000E+00  0.000000000000E+00  0.000000000000E+00  1.0000000000000E+00 
HIEROBJ  EHIEROBJECT81                                      NONE                
JFCTRIAD  HIEROBJECT23                                                          
-5.000000000019E-01 8.6602540378333E-01 0.000000000000E+00  0.000000000000E+00  
8.6602540378333E-01 5.0000000000191E-01 0.000000000000E+00  0.000000000000E+00  
0.000000000000E+00  0.000000000000E+00  -1.000000000000E+00 0.000000000000E+00  
2.8824792261102E+02 -1.128594578335E+02 2.2187516765039E+02 1.0000000000000E+00 
HIEROBJ  EHIEROBJECT82                                      NONE                
