HIEROBJ  EWORLD                                             NONE                
ROOT                                                                            
1.0000000000000E+00 0.000000000000E+00  0.000000000000E+00  0.000000000000E+00  
0.000000000000E+00  1.0000000000000E+00 0.000000000000E+00  0.000000000000E+00  
0.000000000000E+00  0.000000000000E+00  1.0000000000000E+00 0.000000000000E+00  
0.000000000000E+00  0.000000000000E+00  0.000000000000E+00  1.0000000000000E+00 
HIEROBJ  EHIEROBJECT1                                       NONE                
BODYNCBF  WORLD                                   BODY1                         
1.0000000000000E+00 0.000000000000E+00  0.000000000000E+00  0.000000000000E+00  
0.000000000000E+00  1.0000000000000E+00 0.000000000000E+00  0.000000000000E+00  
0.000000000000E+00  0.000000000000E+00  1.0000000000000E+00 0.000000000000E+00  
0.000000000000E+00  0.000000000000E+00  0.000000000000E+00  1.0000000000000E+00 
HIEROBJ  EHIEROBJECT2                                       NONE                
CGTRIAD   HIEROBJECT1                                                           
4.8936600600197E-03 0.000000000000E+00  9.9998802597392E-01 0.000000000000E+00  
0.000000000000E+00  1.0000000000000E+00 0.000000000000E+00  0.000000000000E+00  
-9.999880259739E-01 0.000000000000E+00  4.8936600600197E-03 0.000000000000E+00  
4.3499399925000E+03 -2.540000000000E+03 5.2274099205000E+02 1.0000000000000E+00 
HIEROBJ  EHIEROBJECT3                                       NONE                
BODYNCBF  WORLD                                   BODY2                         
1.0000000000000E+00 0.000000000000E+00  0.000000000000E+00  0.000000000000E+00  
0.000000000000E+00  1.0000000000000E+00 0.000000000000E+00  0.000000000000E+00  
0.000000000000E+00  0.000000000000E+00  1.0000000000000E+00 0.000000000000E+00  
0.000000000000E+00  0.000000000000E+00  0.000000000000E+00  1.0000000000000E+00 
HIEROBJ  EHIEROBJECT4                                       NONE                
CGTRIAD   HIEROBJECT3                                                           
-2.300608617397E-01 -4.360869009974E-03 9.7316647225286E-01 0.000000000000E+00  
-3.383242997241E-02 9.9942132205775E-01 -3.519616243049E-03 0.000000000000E+00  
-9.725879736958E-01 -3.373431246986E-02 -2.300752693890E-01 0.000000000000E+00  
7.7615612192000E+02 -2.840656806630E+03 1.5303245401100E+03 1.0000000000000E+00 
HIEROBJ  EHIEROBJECT5                                       NONE                
BODYNCBF  WORLD                                   BODY3                         
1.0000000000000E+00 0.000000000000E+00  0.000000000000E+00  0.000000000000E+00  
0.000000000000E+00  1.0000000000000E+00 0.000000000000E+00  0.000000000000E+00  
0.000000000000E+00  0.000000000000E+00  1.0000000000000E+00 0.000000000000E+00  
0.000000000000E+00  0.000000000000E+00  0.000000000000E+00  1.0000000000000E+00 
HIEROBJ  EHIEROBJECT6                                       NONE                
CGTRIAD   HIEROBJECT5                                                           
0.000000000000E+00  1.0000000000000E+00 0.000000000000E+00  0.000000000000E+00  
2.1341560006578E-05 0.000000000000E+00  9.9999999977227E-01 0.000000000000E+00  
9.9999999977227E-01 0.000000000000E+00  -2.134156000658E-05 0.000000000000E+00  
9.5198766463000E+02 -3.252837030120E+03 1.6303018565200E+03 1.0000000000000E+00 
HIEROBJ  EHIEROBJECT7                                       NONE                
BODYNCBF  WORLD                                   BODY4                         
1.0000000000000E+00 0.000000000000E+00  0.000000000000E+00  0.000000000000E+00  
0.000000000000E+00  1.0000000000000E+00 0.000000000000E+00  0.000000000000E+00  
0.000000000000E+00  0.000000000000E+00  1.0000000000000E+00 0.000000000000E+00  
0.000000000000E+00  0.000000000000E+00  0.000000000000E+00  1.0000000000000E+00 
HIEROBJ  EHIEROBJECT8                                       NONE                
CGTRIAD   HIEROBJECT7                                                           
0.000000000000E+00  1.0000000000000E+00 0.000000000000E+00  0.000000000000E+00  
2.1341559997836E-05 0.000000000000E+00  9.9999999977227E-01 0.000000000000E+00  
9.9999999977227E-01 0.000000000000E+00  -2.134155999784E-05 0.000000000000E+00  
9.5198766463000E+02 -3.252837030120E+03 1.5033018565200E+03 1.0000000000000E+00 
HIEROBJ  EHIEROBJECT9                                       NONE                
BODYNCBF  WORLD                                   BODY5                         
1.0000000000000E+00 0.000000000000E+00  0.000000000000E+00  0.000000000000E+00  
0.000000000000E+00  1.0000000000000E+00 0.000000000000E+00  0.000000000000E+00  
0.000000000000E+00  0.000000000000E+00  1.0000000000000E+00 0.000000000000E+00  
0.000000000000E+00  0.000000000000E+00  0.000000000000E+00  1.0000000000000E+00 
HIEROBJ  EHIEROBJECT10                                      NONE                
CGTRIAD   HIEROBJECT9                                                           
0.000000000000E+00  1.0000000000000E+00 0.000000000000E+00  0.000000000000E+00  
-3.742700563300E-01 0.000000000000E+00  9.2731975334008E-01 0.000000000000E+00  
9.2731975334008E-01 0.000000000000E+00  3.7427005633004E-01 0.000000000000E+00  
1.3640352899800E+03 -2.797437030120E+03 1.6838042665000E+03 1.0000000000000E+00 
HIEROBJ  EHIEROBJECT11                                      NONE                
BODYNCBF  WORLD                                   BODY6                         
1.0000000000000E+00 0.000000000000E+00  0.000000000000E+00  0.000000000000E+00  
0.000000000000E+00  1.0000000000000E+00 0.000000000000E+00  0.000000000000E+00  
0.000000000000E+00  0.000000000000E+00  1.0000000000000E+00 0.000000000000E+00  
0.000000000000E+00  0.000000000000E+00  0.000000000000E+00  1.0000000000000E+00 
HIEROBJ  EHIEROBJECT12                                      NONE                
CGTRIAD   HIEROBJECT11                                                          
0.000000000000E+00  1.0000000000000E+00 0.000000000000E+00  0.000000000000E+00  
9.8330781770461E-01 0.000000000000E+00  1.8194981627085E-01 0.000000000000E+00  
1.8194981627085E-01 0.000000000000E+00  -9.833078177046E-01 0.000000000000E+00  
1.5599525433300E+03 -2.827437030120E+03 1.4328950704900E+03 1.0000000000000E+00 
HIEROBJ  EHIEROBJECT13                                      NONE                
BODYNCBF  WORLD                                   BODY7                         
1.0000000000000E+00 0.000000000000E+00  0.000000000000E+00  0.000000000000E+00  
0.000000000000E+00  1.0000000000000E+00 0.000000000000E+00  0.000000000000E+00  
0.000000000000E+00  0.000000000000E+00  1.0000000000000E+00 0.000000000000E+00  
0.000000000000E+00  0.000000000000E+00  0.000000000000E+00  1.0000000000000E+00 
HIEROBJ  EHIEROBJECT14                                      NONE                
CGTRIAD   HIEROBJECT13                                                          
0.000000000000E+00  1.0000000000000E+00 0.000000000000E+00  0.000000000000E+00  
-3.750868393817E-01 0.000000000000E+00  9.2698967789432E-01 0.000000000000E+00  
9.2698967789432E-01 0.000000000000E+00  3.7508683938175E-01 0.000000000000E+00  
1.3848767204300E+03 -2.797437030120E+03 1.5578643440200E+03 1.0000000000000E+00 
HIEROBJ  EHIEROBJECT15                                      NONE                
BODYNCBF  WORLD                                   BODY8                         
1.0000000000000E+00 0.000000000000E+00  0.000000000000E+00  0.000000000000E+00  
0.000000000000E+00  1.0000000000000E+00 0.000000000000E+00  0.000000000000E+00  
0.000000000000E+00  0.000000000000E+00  1.0000000000000E+00 0.000000000000E+00  
0.000000000000E+00  0.000000000000E+00  0.000000000000E+00  1.0000000000000E+00 
HIEROBJ  EHIEROBJECT16                                      NONE                
CGTRIAD   HIEROBJECT15                                                          
0.000000000000E+00  1.0000000000000E+00 0.000000000000E+00  0.000000000000E+00  
9.9999999976430E-01 0.000000000000E+00  -2.171191999602E-05 0.000000000000E+00  
-2.171191999602E-05 0.000000000000E+00  -9.999999997643E-01 0.000000000000E+00  
7.0198780371000E+02 -3.282837030120E+03 1.3784198829100E+03 1.0000000000000E+00 
HIEROBJ  EHIEROBJECT17                                      NONE                
BODYNCBF  WORLD                                   BODY9                         
1.0000000000000E+00 0.000000000000E+00  0.000000000000E+00  0.000000000000E+00  
0.000000000000E+00  1.0000000000000E+00 0.000000000000E+00  0.000000000000E+00  
0.000000000000E+00  0.000000000000E+00  1.0000000000000E+00 0.000000000000E+00  
0.000000000000E+00  0.000000000000E+00  0.000000000000E+00  1.0000000000000E+00 
HIEROBJ  EHIEROBJECT18                                      NONE                
CGTRIAD   HIEROBJECT17                                                          
0.000000000000E+00  1.0000000000000E+00 0.000000000000E+00  0.000000000000E+00  
9.9999999976430E-01 0.000000000000E+00  -2.171191999602E-05 0.000000000000E+00  
-2.171191999602E-05 0.000000000000E+00  -9.999999997643E-01 0.000000000000E+00  
1.2019878037100E+03 -3.282837030120E+03 1.3784198829100E+03 1.0000000000000E+00 
HIEROBJ  EHIEROBJECT19                                      NONE                
BODYNCBF  WORLD                                   BODY10                        
1.0000000000000E+00 0.000000000000E+00  0.000000000000E+00  0.000000000000E+00  
0.000000000000E+00  1.0000000000000E+00 0.000000000000E+00  0.000000000000E+00  
0.000000000000E+00  0.000000000000E+00  1.0000000000000E+00 0.000000000000E+00  
0.000000000000E+00  0.000000000000E+00  0.000000000000E+00  1.0000000000000E+00 
HIEROBJ  EHIEROBJECT20                                      NONE                
CGTRIAD   HIEROBJECT19                                                          
0.000000000000E+00  1.0000000000000E+00 0.000000000000E+00  0.000000000000E+00  
1.0000000000000E+00 0.000000000000E+00  0.000000000000E+00  0.000000000000E+00  
0.000000000000E+00  0.000000000000E+00  -1.000000000000E+00 0.000000000000E+00  
7.0198594719000E+02 -3.361337030120E+03 1.1303000000000E+03 1.0000000000000E+00 
HIEROBJ  EHIEROBJECT21                                      NONE                
BODYNCBF  WORLD                                   BODY11                        
1.0000000000000E+00 0.000000000000E+00  0.000000000000E+00  0.000000000000E+00  
0.000000000000E+00  1.0000000000000E+00 0.000000000000E+00  0.000000000000E+00  
0.000000000000E+00  0.000000000000E+00  1.0000000000000E+00 0.000000000000E+00  
0.000000000000E+00  0.000000000000E+00  0.000000000000E+00  1.0000000000000E+00 
HIEROBJ  EHIEROBJECT22                                      NONE                
CGTRIAD   HIEROBJECT21                                                          
0.000000000000E+00  1.0000000000000E+00 0.000000000000E+00  0.000000000000E+00  
1.0000000000000E+00 0.000000000000E+00  0.000000000000E+00  0.000000000000E+00  
0.000000000000E+00  0.000000000000E+00  -1.000000000000E+00 0.000000000000E+00  
1.2019859471900E+03 -3.361337030120E+03 1.1303000000000E+03 1.0000000000000E+00 
HIEROBJ  EHIEROBJECT23                                      NONE                
BODYNCBF  WORLD                                   BODY12                        
1.0000000000000E+00 0.000000000000E+00  0.000000000000E+00  0.000000000000E+00  
0.000000000000E+00  1.0000000000000E+00 0.000000000000E+00  0.000000000000E+00  
0.000000000000E+00  0.000000000000E+00  1.0000000000000E+00 0.000000000000E+00  
0.000000000000E+00  0.000000000000E+00  0.000000000000E+00  1.0000000000000E+00 
HIEROBJ  EHIEROBJECT24                                      NONE                
CGTRIAD   HIEROBJECT23                                                          
0.000000000000E+00  1.0000000000000E+00 0.000000000000E+00  0.000000000000E+00  
1.0000000000000E+00 0.000000000000E+00  0.000000000000E+00  0.000000000000E+00  
0.000000000000E+00  0.000000000000E+00  -1.000000000000E+00 0.000000000000E+00  
1.6159472450300E+03 -2.827437030120E+03 1.1303000000000E+03 1.0000000000000E+00 
HIEROBJ  EHIEROBJECT25                                      NONE                
BODYNCBF  WORLD                                   BODY13                        
1.0000000000000E+00 0.000000000000E+00  0.000000000000E+00  0.000000000000E+00  
0.000000000000E+00  1.0000000000000E+00 0.000000000000E+00  0.000000000000E+00  
0.000000000000E+00  0.000000000000E+00  1.0000000000000E+00 0.000000000000E+00  
0.000000000000E+00  0.000000000000E+00  0.000000000000E+00  1.0000000000000E+00 
HIEROBJ  EHIEROBJECT26                                      NONE                
CGTRIAD   HIEROBJECT25                                                          
0.000000000000E+00  1.0000000000000E+00 0.000000000000E+00  0.000000000000E+00  
1.0000000000000E+00 0.000000000000E+00  0.000000000000E+00  0.000000000000E+00  
0.000000000000E+00  0.000000000000E+00  -1.000000000000E+00 0.000000000000E+00  
3.2095468610000E+02 -2.852837030120E+03 1.1303000000000E+03 1.0000000000000E+00 
HIEROBJ  EHIEROBJECT27                                      NONE                
BODYNCBF  WORLD                                   BODY14                        
1.0000000000000E+00 0.000000000000E+00  0.000000000000E+00  0.000000000000E+00  
0.000000000000E+00  1.0000000000000E+00 0.000000000000E+00  0.000000000000E+00  
0.000000000000E+00  0.000000000000E+00  1.0000000000000E+00 0.000000000000E+00  
0.000000000000E+00  0.000000000000E+00  0.000000000000E+00  1.0000000000000E+00 
HIEROBJ  EHIEROBJECT28                                      NONE                
CGTRIAD   HIEROBJECT27                                                          
1.0000000000000E+00 0.000000000000E+00  0.000000000000E+00  0.000000000000E+00  
0.000000000000E+00  1.0000000000000E+00 0.000000000000E+00  0.000000000000E+00  
0.000000000000E+00  0.000000000000E+00  1.0000000000000E+00 0.000000000000E+00  
0.000000000000E+00  0.000000000000E+00  0.000000000000E+00  1.0000000000000E+00 
HIEROBJ  EHIEROBJECT29                                      NONE                
JFCTRIAD  HIEROBJECT1                                                           
4.8936600600198E-03 0.000000000000E+00  9.9998802597392E-01 0.000000000000E+00  
0.000000000000E+00  1.0000000000000E+00 0.000000000000E+00  0.000000000000E+00  
-9.999880259739E-01 0.000000000000E+00  4.8936600600198E-03 0.000000000000E+00  
0.000000000000E+00  0.000000000000E+00  0.000000000000E+00  1.0000000000000E+00 
HIEROBJ  EHIEROBJECT30                                      NONE                
JFCTRIAD  HIEROBJECT1                                                           
4.8936600600198E-03 0.000000000000E+00  9.9998802597392E-01 0.000000000000E+00  
0.000000000000E+00  1.0000000000000E+00 0.000000000000E+00  0.000000000000E+00  
-9.999880259739E-01 0.000000000000E+00  4.8936600600198E-03 0.000000000000E+00  
4.3499399925000E+03 -2.540000000000E+03 5.2274099205000E+02 1.0000000000000E+00 
HIEROBJ  EHIEROBJECT31                                      NONE                
JFCTRIAD  HIEROBJECT1                                                           
4.4408920985006E-16 4.4408920985006E-16 -1.000000000000E+00 0.000000000000E+00  
-1.000000000000E+00 0.000000000000E+00  -4.440892098501E-16 0.000000000000E+00  
0.000000000000E+00  1.0000000000000E+00 4.4408920985006E-16 0.000000000000E+00  
7.7088840895092E+02 -2.437837030118E+03 1.5864029308914E+03 1.0000000000000E+00 
HIEROBJ  EHIEROBJECT32                                      NONE                
JFCTRIAD  HIEROBJECT3                                                           
-2.300608617397E-01 -4.360869009974E-03 9.7316647225286E-01 0.000000000000E+00  
-3.383242997241E-02 9.9942132205775E-01 -3.519616243049E-03 0.000000000000E+00  
-9.725879736958E-01 -3.373431246986E-02 -2.300752693890E-01 0.000000000000E+00  
0.000000000000E+00  0.000000000000E+00  0.000000000000E+00  1.0000000000000E+00 
HIEROBJ  EHIEROBJECT33                                      NONE                
JFCTRIAD  HIEROBJECT3                                                           
-2.300608617397E-01 -4.360869009974E-03 9.7316647225286E-01 0.000000000000E+00  
-3.383242997241E-02 9.9942132205775E-01 -3.519616243049E-03 0.000000000000E+00  
-9.725879736958E-01 -3.373431246986E-02 -2.300752693890E-01 0.000000000000E+00  
7.7615612192000E+02 -2.840656806630E+03 1.5303245401100E+03 1.0000000000000E+00 
HIEROBJ  EHIEROBJECT34                                      NONE                
JFCTRIAD  HIEROBJECT3                                                           
4.4408920985006E-16 4.4408920985006E-16 -1.000000000000E+00 0.000000000000E+00  
-1.000000000000E+00 3.5527136788005E-15 -4.440892098501E-16 0.000000000000E+00  
3.5527136788005E-15 1.0000000000000E+00 4.4408920985006E-16 0.000000000000E+00  
9.5198594719122E+02 -3.237837030118E+03 1.6303000000000E+03 1.0000000000000E+00 
HIEROBJ  EHIEROBJECT35                                      NONE                
JFCTRIAD  HIEROBJECT3                                                           
4.4408920985006E-16 4.4408920985006E-16 -1.000000000000E+00 0.000000000000E+00  
-1.000000000000E+00 3.5527136788005E-15 -4.440892098501E-16 0.000000000000E+00  
3.5527136788005E-15 1.0000000000000E+00 4.4408920985006E-16 0.000000000000E+00  
9.5198594719122E+02 -3.237837030118E+03 1.5033000000000E+03 1.0000000000000E+00 
HIEROBJ  EHIEROBJECT36                                      NONE                
JFCTRIAD  HIEROBJECT3                                                           
2.2204460492503E-16 0.000000000000E+00  1.0000000000000E+00 0.000000000000E+00  
-1.000000000000E+00 3.5527136788005E-15 2.2204460492503E-16 0.000000000000E+00  
-3.552713678800E-15 -1.000000000000E+00 0.000000000000E+00  0.000000000000E+00  
1.2249400154932E+03 -2.812437030118E+03 1.6276525274255E+03 1.0000000000000E+00 
HIEROBJ  EHIEROBJECT37                                      NONE                
JFCTRIAD  HIEROBJECT3                                                           
2.2204460492503E-16 0.000000000000E+00  1.0000000000000E+00 0.000000000000E+00  
-1.000000000000E+00 3.5527136788005E-15 2.2204460492503E-16 0.000000000000E+00  
-3.552713678800E-15 -1.000000000000E+00 0.000000000000E+00  0.000000000000E+00  
1.2435134311751E+03 -2.812437030118E+03 1.5006525274255E+03 1.0000000000000E+00 
HIEROBJ  EHIEROBJECT38                                      NONE                
JFCTRIAD  HIEROBJECT3                                                           
4.4408920985006E-16 4.4408920985006E-16 -1.000000000000E+00 0.000000000000E+00  
-1.000000000000E+00 0.000000000000E+00  -4.440892098501E-16 0.000000000000E+00  
0.000000000000E+00  1.0000000000000E+00 4.4408920985006E-16 0.000000000000E+00  
7.7088840895092E+02 -2.437837030118E+03 1.5864029308914E+03 1.0000000000000E+00 
HIEROBJ  EHIEROBJECT39                                      NONE                
JFCTRIAD  HIEROBJECT3                                                           
4.4408920985006E-16 4.4408920985006E-16 -1.000000000000E+00 0.000000000000E+00  
-1.000000000000E+00 3.5527136788005E-15 -4.440892098501E-16 0.000000000000E+00  
3.5527136788005E-15 1.0000000000000E+00 4.4408920985006E-16 0.000000000000E+00  
3.2095468610142E+02 -2.837837030118E+03 1.1303000000000E+03 1.0000000000000E+00 
HIEROBJ  EHIEROBJECT40                                      NONE                
JFCTRIAD  HIEROBJECT5                                                           
-1.110199330481E-16 1.0000000000000E+00 1.1102467180108E-16 0.000000000000E+00  
2.1341560006438E-05 -1.110223024372E-16 9.9999999977227E-01 0.000000000000E+00  
9.9999999977227E-01 1.1102230246252E-16 -2.134156000644E-05 0.000000000000E+00  
0.000000000000E+00  0.000000000000E+00  0.000000000000E+00  1.0000000000000E+00 
HIEROBJ  EHIEROBJECT41                                      NONE                
JFCTRIAD  HIEROBJECT5                                                           
0.000000000000E+00  1.0000000000000E+00 2.2204460482390E-16 0.000000000000E+00  
2.1341560006549E-05 -2.220446048745E-16 9.9999999977227E-01 0.000000000000E+00  
9.9999999977227E-01 0.000000000000E+00  -2.134156000655E-05 0.000000000000E+00  
9.5198766463000E+02 -3.252837030120E+03 1.6303018565200E+03 1.0000000000000E+00 
HIEROBJ  EHIEROBJECT42                                      NONE                
JFCTRIAD  HIEROBJECT5                                                           
4.4408920985006E-16 4.4408920985006E-16 -1.000000000000E+00 0.000000000000E+00  
-1.000000000000E+00 3.5527136788005E-15 -4.440892098501E-16 0.000000000000E+00  
3.5527136788005E-15 1.0000000000000E+00 4.4408920985006E-16 0.000000000000E+00  
9.5198594719122E+02 -3.237837030118E+03 1.6303000000000E+03 1.0000000000000E+00 
HIEROBJ  EHIEROBJECT43                                      NONE                
JFCTRIAD  HIEROBJECT5                                                           
4.4408920985006E-16 4.4408920985006E-16 -1.000000000000E+00 0.000000000000E+00  
-1.000000000000E+00 3.5527136788005E-15 -4.440892098501E-16 0.000000000000E+00  
3.5527136788005E-15 1.0000000000000E+00 4.4408920985006E-16 0.000000000000E+00  
7.0198594719122E+02 -3.267837030118E+03 1.6303000000000E+03 1.0000000000000E+00 
HIEROBJ  EHIEROBJECT44                                      NONE                
JFCTRIAD  HIEROBJECT5                                                           
4.4408920985006E-16 4.4408920985006E-16 -1.000000000000E+00 0.000000000000E+00  
-1.000000000000E+00 3.5527136788005E-15 -4.440892098501E-16 0.000000000000E+00  
3.5527136788005E-15 1.0000000000000E+00 4.4408920985006E-16 0.000000000000E+00  
1.2019859471912E+03 -3.267837030118E+03 1.6303000000000E+03 1.0000000000000E+00 
HIEROBJ  EHIEROBJECT45                                      NONE                
JFCTRIAD  HIEROBJECT7                                                           
-1.110199329470E-16 1.0000000000000E+00 1.1102941057934E-16 0.000000000000E+00  
2.1341559997556E-05 -1.110270412155E-16 9.9999999977227E-01 0.000000000000E+00  
9.9999999977227E-01 1.1102230246252E-16 -2.134155999756E-05 0.000000000000E+00  
0.000000000000E+00  0.000000000000E+00  0.000000000000E+00  1.0000000000000E+00 
HIEROBJ  EHIEROBJECT46                                      NONE                
JFCTRIAD  HIEROBJECT7                                                           
0.000000000000E+00  1.0000000000000E+00 2.2204934360216E-16 0.000000000000E+00  
2.1341559997667E-05 -2.220493436527E-16 9.9999999977227E-01 0.000000000000E+00  
9.9999999977227E-01 0.000000000000E+00  -2.134155999767E-05 0.000000000000E+00  
9.5198766463000E+02 -3.252837030120E+03 1.5033018565200E+03 1.0000000000000E+00 
HIEROBJ  EHIEROBJECT47                                      NONE                
JFCTRIAD  HIEROBJECT7                                                           
4.4408920985006E-16 4.4408920985006E-16 -1.000000000000E+00 0.000000000000E+00  
-1.000000000000E+00 3.5527136788005E-15 -4.440892098501E-16 0.000000000000E+00  
3.5527136788005E-15 1.0000000000000E+00 4.4408920985006E-16 0.000000000000E+00  
9.5198594719122E+02 -3.237837030118E+03 1.5033000000000E+03 1.0000000000000E+00 
HIEROBJ  EHIEROBJECT48                                      NONE                
JFCTRIAD  HIEROBJECT7                                                           
4.4408920985006E-16 4.4408920985006E-16 -1.000000000000E+00 0.000000000000E+00  
-1.000000000000E+00 3.5527136788005E-15 -4.440892098501E-16 0.000000000000E+00  
3.5527136788005E-15 1.0000000000000E+00 4.4408920985006E-16 0.000000000000E+00  
7.0198594719122E+02 -3.267837030118E+03 1.5033000000000E+03 1.0000000000000E+00 
HIEROBJ  EHIEROBJECT49                                      NONE                
JFCTRIAD  HIEROBJECT7                                                           
4.4408920985006E-16 4.4408920985006E-16 -1.000000000000E+00 0.000000000000E+00  
-1.000000000000E+00 3.5527136788005E-15 -4.440892098501E-16 0.000000000000E+00  
3.5527136788005E-15 1.0000000000000E+00 4.4408920985006E-16 0.000000000000E+00  
1.2019859471912E+03 -3.267837030118E+03 1.5033000000000E+03 1.0000000000000E+00 
HIEROBJ  EHIEROBJECT50                                      NONE                
JFCTRIAD  HIEROBJECT9                                                           
0.000000000000E+00  1.0000000000000E+00 0.000000000000E+00  0.000000000000E+00  
-3.742700563300E-01 0.000000000000E+00  9.2731975334008E-01 0.000000000000E+00  
9.2731975334008E-01 0.000000000000E+00  3.7427005633004E-01 0.000000000000E+00  
0.000000000000E+00  0.000000000000E+00  0.000000000000E+00  1.0000000000000E+00 
HIEROBJ  EHIEROBJECT51                                      NONE                
JFCTRIAD  HIEROBJECT9                                                           
0.000000000000E+00  1.0000000000000E+00 0.000000000000E+00  0.000000000000E+00  
-3.742700563300E-01 0.000000000000E+00  9.2731975334008E-01 0.000000000000E+00  
9.2731975334008E-01 0.000000000000E+00  3.7427005633004E-01 0.000000000000E+00  
1.3640352899800E+03 -2.797437030120E+03 1.6838042665000E+03 1.0000000000000E+00 
HIEROBJ  EHIEROBJECT52                                      NONE                
JFCTRIAD  HIEROBJECT9                                                           
2.2204460492503E-16 0.000000000000E+00  1.0000000000000E+00 0.000000000000E+00  
-1.000000000000E+00 3.5527136788005E-15 2.2204460492503E-16 0.000000000000E+00  
-3.552713678800E-15 -1.000000000000E+00 0.000000000000E+00  0.000000000000E+00  
1.2249400154932E+03 -2.812437030118E+03 1.6276525274255E+03 1.0000000000000E+00 
HIEROBJ  EHIEROBJECT53                                      NONE                
JFCTRIAD  HIEROBJECT9                                                           
4.4408920985006E-16 4.4408920985006E-16 -1.000000000000E+00 0.000000000000E+00  
-1.000000000000E+00 3.5527136788005E-15 -4.440892098501E-16 0.000000000000E+00  
3.5527136788005E-15 1.0000000000000E+00 4.4408920985006E-16 0.000000000000E+00  
1.5031296109089E+03 -2.812437030118E+03 1.7399492281894E+03 1.0000000000000E+00 
HIEROBJ  EHIEROBJECT54                                      NONE                
JFCTRIAD  HIEROBJECT9                                                           
-4.172632846082E-02 0.000000000000E+00  -9.991290775036E-01 0.000000000000E+00  
2.2185122128340E-15 1.0000000000000E+00 0.000000000000E+00  0.000000000000E+00  
9.9912907750359E-01 -2.220446049250E-15 -4.172632846082E-02 0.000000000000E+00  
1.2249400154932E+03 -2.782437030118E+03 1.6276525274255E+03 1.0000000000000E+00 
HIEROBJ  EHIEROBJECT55                                      NONE                
JFCTRIAD  HIEROBJECT11                                                          
0.000000000000E+00  1.0000000000000E+00 1.1284457294654E-16 0.000000000000E+00  
9.8330781770461E-01 0.000000000000E+00  1.8194981627085E-01 0.000000000000E+00  
1.8194981627085E-01 1.1102230246252E-16 -9.833078177046E-01 0.000000000000E+00  
0.000000000000E+00  0.000000000000E+00  0.000000000000E+00  1.0000000000000E+00 
HIEROBJ  EHIEROBJECT56                                      NONE                
JFCTRIAD  HIEROBJECT11                                                          
0.000000000000E+00  1.0000000000000E+00 0.000000000000E+00  0.000000000000E+00  
9.8330781770461E-01 0.000000000000E+00  1.8194981627085E-01 0.000000000000E+00  
1.8194981627085E-01 0.000000000000E+00  -9.833078177046E-01 0.000000000000E+00  
1.5599525433300E+03 -2.827437030120E+03 1.4328950704900E+03 1.0000000000000E+00 
HIEROBJ  EHIEROBJECT57                                      NONE                
JFCTRIAD  HIEROBJECT11                                                          
4.4408920985006E-16 4.4408920985006E-16 -1.000000000000E+00 0.000000000000E+00  
-1.000000000000E+00 3.5527136788005E-15 -4.440892098501E-16 0.000000000000E+00  
3.5527136788005E-15 1.0000000000000E+00 4.4408920985006E-16 0.000000000000E+00  
1.5031296109089E+03 -2.812437030118E+03 1.7399492281894E+03 1.0000000000000E+00 
HIEROBJ  EHIEROBJECT58                                      NONE                
JFCTRIAD  HIEROBJECT11                                                          
4.4408920985006E-16 4.4408920985006E-16 -1.000000000000E+00 0.000000000000E+00  
-1.000000000000E+00 3.5527136788005E-15 -4.440892098501E-16 0.000000000000E+00  
3.5527136788005E-15 1.0000000000000E+00 4.4408920985006E-16 0.000000000000E+00  
1.5239216065734E+03 -2.812437030118E+03 1.6141316231648E+03 1.0000000000000E+00 
HIEROBJ  EHIEROBJECT59                                      NONE                
JFCTRIAD  HIEROBJECT11                                                          
4.4408920985006E-16 4.4408920985006E-16 -1.000000000000E+00 0.000000000000E+00  
-1.000000000000E+00 3.5527136788005E-15 -4.440892098501E-16 0.000000000000E+00  
3.5527136788005E-15 1.0000000000000E+00 4.4408920985006E-16 0.000000000000E+00  
1.6159472450271E+03 -2.812437030118E+03 1.1303000000000E+03 1.0000000000000E+00 
HIEROBJ  EHIEROBJECT60                                      NONE                
JFCTRIAD  HIEROBJECT13                                                          
0.000000000000E+00  1.0000000000000E+00 0.000000000000E+00  0.000000000000E+00  
-3.750868393817E-01 0.000000000000E+00  9.2698967789432E-01 0.000000000000E+00  
9.2698967789432E-01 0.000000000000E+00  3.7508683938175E-01 0.000000000000E+00  
0.000000000000E+00  0.000000000000E+00  0.000000000000E+00  1.0000000000000E+00 
HIEROBJ  EHIEROBJECT61                                      NONE                
JFCTRIAD  HIEROBJECT13                                                          
0.000000000000E+00  1.0000000000000E+00 0.000000000000E+00  0.000000000000E+00  
-3.750868393817E-01 0.000000000000E+00  9.2698967789432E-01 0.000000000000E+00  
9.2698967789432E-01 0.000000000000E+00  3.7508683938175E-01 0.000000000000E+00  
1.3848767204300E+03 -2.797437030120E+03 1.5578643440200E+03 1.0000000000000E+00 
HIEROBJ  EHIEROBJECT62                                      NONE                
JFCTRIAD  HIEROBJECT13                                                          
2.2204460492503E-16 0.000000000000E+00  1.0000000000000E+00 0.000000000000E+00  
-1.000000000000E+00 3.5527136788005E-15 2.2204460492503E-16 0.000000000000E+00  
-3.552713678800E-15 -1.000000000000E+00 0.000000000000E+00  0.000000000000E+00  
1.2435134311751E+03 -2.812437030118E+03 1.5006525274255E+03 1.0000000000000E+00 
HIEROBJ  EHIEROBJECT63                                      NONE                
JFCTRIAD  HIEROBJECT13                                                          
4.4408920985006E-16 4.4408920985006E-16 -1.000000000000E+00 0.000000000000E+00  
-1.000000000000E+00 3.5527136788005E-15 -4.440892098501E-16 0.000000000000E+00  
3.5527136788005E-15 1.0000000000000E+00 4.4408920985006E-16 0.000000000000E+00  
1.5239216065734E+03 -2.812437030118E+03 1.6141316231648E+03 1.0000000000000E+00 
HIEROBJ  EHIEROBJECT64                                      NONE                
JFCTRIAD  HIEROBJECT13                                                          
-4.172632846082E-02 0.000000000000E+00  -9.991290775036E-01 0.000000000000E+00  
2.2185122128340E-15 1.0000000000000E+00 0.000000000000E+00  0.000000000000E+00  
9.9912907750359E-01 -2.220446049250E-15 -4.172632846082E-02 0.000000000000E+00  
1.5262390295105E+03 -2.782437030118E+03 1.6150694669313E+03 1.0000000000000E+00 
HIEROBJ  EHIEROBJECT65                                      NONE                
JFCTRIAD  HIEROBJECT15                                                          
-1.110223024102E-16 1.0000000000000E+00 1.2246982218203E-16 0.000000000000E+00  
9.9999999976430E-01 1.1102496143899E-16 -2.171191999602E-05 0.000000000000E+00  
-2.171191999602E-05 1.2246741164582E-16 -9.999999997643E-01 0.000000000000E+00  
0.000000000000E+00  0.000000000000E+00  0.000000000000E+00  1.0000000000000E+00 
HIEROBJ  EHIEROBJECT66                                      NONE                
JFCTRIAD  HIEROBJECT15                                                          
-1.110271234249E-16 1.0000000000000E+00 0.000000000000E+00  0.000000000000E+00  
9.9999999976430E-01 1.1102712345104E-16 -2.171191999600E-05 0.000000000000E+00  
-2.171191999600E-05 0.000000000000E+00  -9.999999997643E-01 0.000000000000E+00  
7.0198780371000E+02 -3.282837030120E+03 1.3784198829100E+03 1.0000000000000E+00 
HIEROBJ  EHIEROBJECT67                                      NONE                
JFCTRIAD  HIEROBJECT15                                                          
4.4408920985006E-16 4.4408920985006E-16 -1.000000000000E+00 0.000000000000E+00  
-1.000000000000E+00 3.5527136788005E-15 -4.440892098501E-16 0.000000000000E+00  
3.5527136788005E-15 1.0000000000000E+00 4.4408920985006E-16 0.000000000000E+00  
7.0198594719122E+02 -3.267837030118E+03 1.6303000000000E+03 1.0000000000000E+00 
HIEROBJ  EHIEROBJECT68                                      NONE                
JFCTRIAD  HIEROBJECT15                                                          
4.4408920985006E-16 4.4408920985006E-16 -1.000000000000E+00 0.000000000000E+00  
-1.000000000000E+00 3.5527136788005E-15 -4.440892098501E-16 0.000000000000E+00  
3.5527136788005E-15 1.0000000000000E+00 4.4408920985006E-16 0.000000000000E+00  
7.0198594719122E+02 -3.267837030118E+03 1.5033000000000E+03 1.0000000000000E+00 
HIEROBJ  EHIEROBJECT69                                      NONE                
JFCTRIAD  HIEROBJECT15                                                          
4.4408920985006E-16 4.4408920985006E-16 -1.000000000000E+00 0.000000000000E+00  
-1.000000000000E+00 3.5527136788005E-15 -4.440892098501E-16 0.000000000000E+00  
3.5527136788005E-15 1.0000000000000E+00 4.4408920985006E-16 0.000000000000E+00  
7.0198594719122E+02 -3.297837030118E+03 1.1303000000000E+03 1.0000000000000E+00 
HIEROBJ  EHIEROBJECT70                                      NONE                
JFCTRIAD  HIEROBJECT17                                                          
-1.110223024102E-16 1.0000000000000E+00 1.2246982218203E-16 0.000000000000E+00  
9.9999999976430E-01 1.1102496143899E-16 -2.171191999602E-05 0.000000000000E+00  
-2.171191999602E-05 1.2246741164582E-16 -9.999999997643E-01 0.000000000000E+00  
0.000000000000E+00  0.000000000000E+00  0.000000000000E+00  1.0000000000000E+00 
HIEROBJ  EHIEROBJECT71                                      NONE                
JFCTRIAD  HIEROBJECT17                                                          
-2.220494258351E-16 1.0000000000000E+00 0.000000000000E+00  0.000000000000E+00  
9.9999999976430E-01 2.2204942588739E-16 -2.171191999611E-05 0.000000000000E+00  
-2.171191999611E-05 0.000000000000E+00  -9.999999997643E-01 0.000000000000E+00  
1.2019878037100E+03 -3.282837030120E+03 1.3784198829100E+03 1.0000000000000E+00 
HIEROBJ  EHIEROBJECT72                                      NONE                
JFCTRIAD  HIEROBJECT17                                                          
4.4408920985006E-16 4.4408920985006E-16 -1.000000000000E+00 0.000000000000E+00  
-1.000000000000E+00 3.5527136788005E-15 -4.440892098501E-16 0.000000000000E+00  
3.5527136788005E-15 1.0000000000000E+00 4.4408920985006E-16 0.000000000000E+00  
1.2019859471912E+03 -3.267837030118E+03 1.6303000000000E+03 1.0000000000000E+00 
HIEROBJ  EHIEROBJECT73                                      NONE                
JFCTRIAD  HIEROBJECT17                                                          
4.4408920985006E-16 4.4408920985006E-16 -1.000000000000E+00 0.000000000000E+00  
-1.000000000000E+00 3.5527136788005E-15 -4.440892098501E-16 0.000000000000E+00  
3.5527136788005E-15 1.0000000000000E+00 4.4408920985006E-16 0.000000000000E+00  
1.2019859471912E+03 -3.267837030118E+03 1.5033000000000E+03 1.0000000000000E+00 
HIEROBJ  EHIEROBJECT74                                      NONE                
JFCTRIAD  HIEROBJECT17                                                          
4.4408920985006E-16 4.4408920985006E-16 -1.000000000000E+00 0.000000000000E+00  
-1.000000000000E+00 3.5527136788005E-15 -4.440892098501E-16 0.000000000000E+00  
3.5527136788005E-15 1.0000000000000E+00 4.4408920985006E-16 0.000000000000E+00  
1.2019859471912E+03 -3.297837030118E+03 1.1303000000000E+03 1.0000000000000E+00 
HIEROBJ  EHIEROBJECT75                                      NONE                
JFCTRIAD  HIEROBJECT19                                                          
2.2204460492503E-16 1.0000000000000E+00 1.2246467991474E-16 0.000000000000E+00  
1.0000000000000E+00 -2.220446049250E-16 0.000000000000E+00  0.000000000000E+00  
0.000000000000E+00  1.2246467991474E-16 -1.000000000000E+00 0.000000000000E+00  
0.000000000000E+00  0.000000000000E+00  0.000000000000E+00  1.0000000000000E+00 
HIEROBJ  EHIEROBJECT76                                      NONE                
JFCTRIAD  HIEROBJECT19                                                          
2.2204460492503E-16 1.0000000000000E+00 0.000000000000E+00  0.000000000000E+00  
1.0000000000000E+00 -2.220446049250E-16 0.000000000000E+00  0.000000000000E+00  
0.000000000000E+00  0.000000000000E+00  -1.000000000000E+00 0.000000000000E+00  
7.0198594719000E+02 -3.361337030120E+03 1.1303000000000E+03 1.0000000000000E+00 
HIEROBJ  EHIEROBJECT77                                      NONE                
JFCTRIAD  HIEROBJECT19                                                          
4.4408920985006E-16 4.4408920985006E-16 -1.000000000000E+00 0.000000000000E+00  
-1.000000000000E+00 3.5527136788005E-15 -4.440892098501E-16 0.000000000000E+00  
3.5527136788005E-15 1.0000000000000E+00 4.4408920985006E-16 0.000000000000E+00  
7.0198594719122E+02 -3.297837030118E+03 1.1303000000000E+03 1.0000000000000E+00 
HIEROBJ  EHIEROBJECT78                                      NONE                
JFCTRIAD  HIEROBJECT21                                                          
2.2204460492503E-16 1.0000000000000E+00 1.2246467991474E-16 0.000000000000E+00  
1.0000000000000E+00 -2.220446049250E-16 0.000000000000E+00  0.000000000000E+00  
0.000000000000E+00  1.2246467991474E-16 -1.000000000000E+00 0.000000000000E+00  
0.000000000000E+00  0.000000000000E+00  0.000000000000E+00  1.0000000000000E+00 
HIEROBJ  EHIEROBJECT79                                      NONE                
JFCTRIAD  HIEROBJECT21                                                          
2.2204460492503E-16 1.0000000000000E+00 0.000000000000E+00  0.000000000000E+00  
1.0000000000000E+00 -2.220446049250E-16 0.000000000000E+00  0.000000000000E+00  
0.000000000000E+00  0.000000000000E+00  -1.000000000000E+00 0.000000000000E+00  
1.2019859471900E+03 -3.361337030120E+03 1.1303000000000E+03 1.0000000000000E+00 
HIEROBJ  EHIEROBJECT80                                      NONE                
JFCTRIAD  HIEROBJECT21                                                          
4.4408920985006E-16 4.4408920985006E-16 -1.000000000000E+00 0.000000000000E+00  
-1.000000000000E+00 3.5527136788005E-15 -4.440892098501E-16 0.000000000000E+00  
3.5527136788005E-15 1.0000000000000E+00 4.4408920985006E-16 0.000000000000E+00  
1.2019859471912E+03 -3.297837030118E+03 1.1303000000000E+03 1.0000000000000E+00 
HIEROBJ  EHIEROBJECT81                                      NONE                
JFCTRIAD  HIEROBJECT23                                                          
2.2204460492503E-16 1.0000000000000E+00 1.2246467991474E-16 0.000000000000E+00  
1.0000000000000E+00 -2.220446049250E-16 0.000000000000E+00  0.000000000000E+00  
0.000000000000E+00  1.2246467991474E-16 -1.000000000000E+00 0.000000000000E+00  
0.000000000000E+00  0.000000000000E+00  0.000000000000E+00  1.0000000000000E+00 
HIEROBJ  EHIEROBJECT82                                      NONE                
