HIEROBJ  EWORLD                                             NONE                
ROOT                                                                            
1.0000000000000E+00 0.000000000000E+00  0.000000000000E+00  0.000000000000E+00  
0.000000000000E+00  1.0000000000000E+00 0.000000000000E+00  0.000000000000E+00  
0.000000000000E+00  0.000000000000E+00  1.0000000000000E+00 0.000000000000E+00  
0.000000000000E+00  0.000000000000E+00  0.000000000000E+00  1.0000000000000E+00 
HIEROBJ  EHIEROBJECT1                                       NONE                
BODYNCBF  WORLD                                   BODY1                         
1.0000000000000E+00 0.000000000000E+00  0.000000000000E+00  0.000000000000E+00  
0.000000000000E+00  1.0000000000000E+00 0.000000000000E+00  0.000000000000E+00  
0.000000000000E+00  0.000000000000E+00  1.0000000000000E+00 0.000000000000E+00  
0.000000000000E+00  0.000000000000E+00  0.000000000000E+00  1.0000000000000E+00 
HIEROBJ  EHIEROBJECT2                                       NONE                
CGTRIAD   HIEROBJECT1                                                           
1.0000000000000E+00 0.000000000000E+00  0.000000000000E+00  0.000000000000E+00  
0.000000000000E+00  1.0000000000000E+00 0.000000000000E+00  0.000000000000E+00  
0.000000000000E+00  0.000000000000E+00  1.0000000000000E+00 0.000000000000E+00  
5.4501709754335E+00 2.1130202113357E-01 4.4495036313075E+01 1.0000000000000E+00 
HIEROBJ  EHIEROBJECT3                                       NONE                
BODYNCBF  WORLD                                   BODY2                         
1.0000000000000E+00 0.000000000000E+00  0.000000000000E+00  0.000000000000E+00  
0.000000000000E+00  1.0000000000000E+00 0.000000000000E+00  0.000000000000E+00  
0.000000000000E+00  0.000000000000E+00  1.0000000000000E+00 0.000000000000E+00  
0.000000000000E+00  0.000000000000E+00  0.000000000000E+00  1.0000000000000E+00 
HIEROBJ  EHIEROBJECT4                                       NONE                
CGTRIAD   HIEROBJECT3                                                           
1.0000000000000E+00 0.000000000000E+00  0.000000000000E+00  0.000000000000E+00  
0.000000000000E+00  1.0000000000000E+00 0.000000000000E+00  0.000000000000E+00  
0.000000000000E+00  0.000000000000E+00  1.0000000000000E+00 0.000000000000E+00  
2.0451401727001E+01 2.1130202113352E-01 4.4495036313075E+01 1.0000000000000E+00 
HIEROBJ  EHIEROBJECT5                                       NONE                
BODYNCBF  WORLD                                   BODY3                         
1.0000000000000E+00 0.000000000000E+00  0.000000000000E+00  0.000000000000E+00  
0.000000000000E+00  1.0000000000000E+00 0.000000000000E+00  0.000000000000E+00  
0.000000000000E+00  0.000000000000E+00  1.0000000000000E+00 0.000000000000E+00  
0.000000000000E+00  0.000000000000E+00  0.000000000000E+00  1.0000000000000E+00 
HIEROBJ  EHIEROBJECT6                                       NONE                
CGTRIAD   HIEROBJECT5                                                           
1.0000000000000E+00 0.000000000000E+00  0.000000000000E+00  0.000000000000E+00  
0.000000000000E+00  1.0000000000000E+00 0.000000000000E+00  0.000000000000E+00  
0.000000000000E+00  0.000000000000E+00  1.0000000000000E+00 0.000000000000E+00  
4.0136441097079E+01 2.1130202113346E-01 4.4495036313075E+01 1.0000000000000E+00 
HIEROBJ  EHIEROBJECT7                                       NONE                
BODYNCBF  WORLD                                   BODY4                         
1.0000000000000E+00 0.000000000000E+00  0.000000000000E+00  0.000000000000E+00  
0.000000000000E+00  1.0000000000000E+00 0.000000000000E+00  0.000000000000E+00  
0.000000000000E+00  0.000000000000E+00  1.0000000000000E+00 0.000000000000E+00  
0.000000000000E+00  0.000000000000E+00  0.000000000000E+00  1.0000000000000E+00 
HIEROBJ  EHIEROBJECT8                                       NONE                
CGTRIAD   HIEROBJECT7                                                           
0.000000000000E+00  0.000000000000E+00  1.0000000000000E+00 0.000000000000E+00  
0.000000000000E+00  -1.000000000000E+00 0.000000000000E+00  0.000000000000E+00  
1.0000000000000E+00 0.000000000000E+00  0.000000000000E+00  0.000000000000E+00  
5.5595266113961E+01 2.1130202113339E-01 4.4495036313075E+01 1.0000000000000E+00 
HIEROBJ  EHIEROBJECT9                                       NONE                
BODYNCBF  WORLD                                   BODY5                         
1.0000000000000E+00 0.000000000000E+00  0.000000000000E+00  0.000000000000E+00  
0.000000000000E+00  1.0000000000000E+00 0.000000000000E+00  0.000000000000E+00  
0.000000000000E+00  0.000000000000E+00  1.0000000000000E+00 0.000000000000E+00  
0.000000000000E+00  0.000000000000E+00  0.000000000000E+00  1.0000000000000E+00 
HIEROBJ  EHIEROBJECT10                                      NONE                
CGTRIAD   HIEROBJECT9                                                           
-2.302062944997E-01 8.1644760396848E-15 9.7314185089981E-01 0.000000000000E+00  
-3.282827127575E-02 9.9943083610732E-01 -7.765851071189E-03 0.000000000000E+00  
-9.725879736958E-01 -3.373431246986E-02 -2.300752693890E-01 0.000000000000E+00  
2.3371487346135E+01 9.5081202838453E-01 6.0226662156697E+01 1.0000000000000E+00 
HIEROBJ  EHIEROBJECT11                                      NONE                
BODYNCBF  WORLD                                   BODY6                         
1.0000000000000E+00 0.000000000000E+00  0.000000000000E+00  0.000000000000E+00  
0.000000000000E+00  1.0000000000000E+00 0.000000000000E+00  0.000000000000E+00  
0.000000000000E+00  0.000000000000E+00  1.0000000000000E+00 0.000000000000E+00  
0.000000000000E+00  0.000000000000E+00  0.000000000000E+00  1.0000000000000E+00 
HIEROBJ  EHIEROBJECT12                                      NONE                
CGTRIAD   HIEROBJECT11                                                          
0.000000000000E+00  1.0000000000000E+00 0.000000000000E+00  0.000000000000E+00  
-1.000000000000E+00 0.000000000000E+00  0.000000000000E+00  0.000000000000E+00  
0.000000000000E+00  0.000000000000E+00  1.0000000000000E+00 0.000000000000E+00  
2.0451401727001E+01 6.5689265572346E-01 5.3974103633406E+01 1.0000000000000E+00 
HIEROBJ  EHIEROBJECT13                                      NONE                
BODYNCBF  WORLD                                   BODY7                         
1.0000000000000E+00 0.000000000000E+00  0.000000000000E+00  0.000000000000E+00  
0.000000000000E+00  1.0000000000000E+00 0.000000000000E+00  0.000000000000E+00  
0.000000000000E+00  0.000000000000E+00  1.0000000000000E+00 0.000000000000E+00  
0.000000000000E+00  0.000000000000E+00  0.000000000000E+00  1.0000000000000E+00 
HIEROBJ  EHIEROBJECT14                                      NONE                
CGTRIAD   HIEROBJECT13                                                          
0.000000000000E+00  1.0000000000000E+00 0.000000000000E+00  0.000000000000E+00  
-1.000000000000E+00 0.000000000000E+00  0.000000000000E+00  0.000000000000E+00  
0.000000000000E+00  0.000000000000E+00  1.0000000000000E+00 0.000000000000E+00  
4.0136441097079E+01 6.5689265572339E-01 5.3974103633406E+01 1.0000000000000E+00 
HIEROBJ  EHIEROBJECT15                                      NONE                
BODYNCBF  WORLD                                   BODY8                         
1.0000000000000E+00 0.000000000000E+00  0.000000000000E+00  0.000000000000E+00  
0.000000000000E+00  1.0000000000000E+00 0.000000000000E+00  0.000000000000E+00  
0.000000000000E+00  0.000000000000E+00  1.0000000000000E+00 0.000000000000E+00  
0.000000000000E+00  0.000000000000E+00  0.000000000000E+00  1.0000000000000E+00 
HIEROBJ  EHIEROBJECT16                                      NONE                
CGTRIAD   HIEROBJECT15                                                          
0.000000000000E+00  1.0000000000000E+00 0.000000000000E+00  0.000000000000E+00  
0.000000000000E+00  0.000000000000E+00  1.0000000000000E+00 0.000000000000E+00  
1.0000000000000E+00 0.000000000000E+00  0.000000000000E+00  0.000000000000E+00  
3.0293921412041E+01 1.1024832903133E+00 6.3453170953740E+01 1.0000000000000E+00 
HIEROBJ  EHIEROBJECT17                                      NONE                
BODYNCBF  WORLD                                   BODY9                         
1.0000000000000E+00 0.000000000000E+00  0.000000000000E+00  0.000000000000E+00  
0.000000000000E+00  1.0000000000000E+00 0.000000000000E+00  0.000000000000E+00  
0.000000000000E+00  0.000000000000E+00  1.0000000000000E+00 0.000000000000E+00  
0.000000000000E+00  0.000000000000E+00  0.000000000000E+00  1.0000000000000E+00 
HIEROBJ  EHIEROBJECT18                                      NONE                
CGTRIAD   HIEROBJECT17                                                          
0.000000000000E+00  1.0000000000000E+00 0.000000000000E+00  0.000000000000E+00  
0.000000000000E+00  0.000000000000E+00  1.0000000000000E+00 0.000000000000E+00  
1.0000000000000E+00 0.000000000000E+00  0.000000000000E+00  0.000000000000E+00  
3.0293921412040E+01 9.0085279876118E-01 5.9163877474728E+01 1.0000000000000E+00 
HIEROBJ  EHIEROBJECT19                                      NONE                
BODYNCBF  WORLD                                   BODY10                        
1.0000000000000E+00 0.000000000000E+00  0.000000000000E+00  0.000000000000E+00  
0.000000000000E+00  1.0000000000000E+00 0.000000000000E+00  0.000000000000E+00  
0.000000000000E+00  0.000000000000E+00  1.0000000000000E+00 0.000000000000E+00  
0.000000000000E+00  0.000000000000E+00  0.000000000000E+00  1.0000000000000E+00 
HIEROBJ  EHIEROBJECT20                                      NONE                
CGTRIAD   HIEROBJECT19                                                          
-1.430351792164E-02 9.9988591728299E-01 -4.854049260561E-03 0.000000000000E+00  
-3.213598681870E-01 -2.766902085369E-12 9.4695714534441E-01 0.000000000000E+00  
9.4684911390036E-01 1.5104715130006E-02 3.2132320658013E-01 0.000000000000E+00  
4.6631773198929E+01 1.2199396149274E+00 6.5951824026283E+01 1.0000000000000E+00 
HIEROBJ  EHIEROBJECT21                                      NONE                
BODYNCBF  WORLD                                   BODY11                        
1.0000000000000E+00 0.000000000000E+00  0.000000000000E+00  0.000000000000E+00  
0.000000000000E+00  1.0000000000000E+00 0.000000000000E+00  0.000000000000E+00  
0.000000000000E+00  0.000000000000E+00  1.0000000000000E+00 0.000000000000E+00  
0.000000000000E+00  0.000000000000E+00  0.000000000000E+00  1.0000000000000E+00 
HIEROBJ  EHIEROBJECT22                                      NONE                
CGTRIAD   HIEROBJECT21                                                          
-1.446387949728E-02 9.9988300012645E-01 -4.978177179063E-03 0.000000000000E+00  
-3.254433181764E-01 -2.908787440522E-12 9.4556155096022E-01 0.000000000000E+00  
9.4545092037831E-01 1.5296602829973E-02 3.2540524134941E-01 0.000000000000E+00  
4.7354472769370E+01 9.8628825283650E-01 6.0981349292709E+01 1.0000000000000E+00 
HIEROBJ  EHIEROBJECT23                                      NONE                
BODYNCBF  WORLD                                   BODY12                        
1.0000000000000E+00 0.000000000000E+00  0.000000000000E+00  0.000000000000E+00  
0.000000000000E+00  1.0000000000000E+00 0.000000000000E+00  0.000000000000E+00  
0.000000000000E+00  0.000000000000E+00  1.0000000000000E+00 0.000000000000E+00  
0.000000000000E+00  0.000000000000E+00  0.000000000000E+00  1.0000000000000E+00 
HIEROBJ  EHIEROBJECT24                                      NONE                
CGTRIAD   HIEROBJECT23                                                          
6.6411467194762E-03 9.9891944547608E-01 -4.599822409638E-02 0.000000000000E+00  
9.8973761362682E-01 1.4232117029559E-12 1.4289666256526E-01 0.000000000000E+00  
1.4274225493014E-01 -4.647517025004E-02 -9.886681481709E-01 0.000000000000E+00  
5.3909333969142E+01 7.6022135481823E-01 5.6172219165488E+01 1.0000000000000E+00 
HIEROBJ  EHIEROBJECT25                                      NONE                
BODYNCBF  WORLD                                   BODY13                        
1.0000000000000E+00 0.000000000000E+00  0.000000000000E+00  0.000000000000E+00  
0.000000000000E+00  1.0000000000000E+00 0.000000000000E+00  0.000000000000E+00  
0.000000000000E+00  0.000000000000E+00  1.0000000000000E+00 0.000000000000E+00  
0.000000000000E+00  0.000000000000E+00  0.000000000000E+00  1.0000000000000E+00 
HIEROBJ  EHIEROBJECT26                                      NONE                
CGTRIAD   HIEROBJECT25                                                          
4.8936600600197E-03 0.000000000000E+00  9.9998802597392E-01 0.000000000000E+00  
0.000000000000E+00  1.0000000000000E+00 0.000000000000E+00  0.000000000000E+00  
-9.999880259739E-01 0.000000000000E+00  4.8936600600197E-03 0.000000000000E+00  
1.7125748001969E+02 -1.000000000000E+02 2.0580354017717E+01 1.0000000000000E+00 
HIEROBJ  EHIEROBJECT27                                      NONE                
BODYNCBF  WORLD                                   BODY14                        
1.0000000000000E+00 0.000000000000E+00  0.000000000000E+00  0.000000000000E+00  
0.000000000000E+00  1.0000000000000E+00 0.000000000000E+00  0.000000000000E+00  
0.000000000000E+00  0.000000000000E+00  1.0000000000000E+00 0.000000000000E+00  
0.000000000000E+00  0.000000000000E+00  0.000000000000E+00  1.0000000000000E+00 
HIEROBJ  EHIEROBJECT28                                      NONE                
CGTRIAD   HIEROBJECT27                                                          
1.0000000000000E+00 0.000000000000E+00  0.000000000000E+00  0.000000000000E+00  
0.000000000000E+00  1.0000000000000E+00 0.000000000000E+00  0.000000000000E+00  
0.000000000000E+00  0.000000000000E+00  1.0000000000000E+00 0.000000000000E+00  
0.000000000000E+00  0.000000000000E+00  0.000000000000E+00  1.0000000000000E+00 
HIEROBJ  EHIEROBJECT29                                      NONE                
JFCTRIAD  HIEROBJECT1                                                           
1.0000000000000E+00 0.000000000000E+00  0.000000000000E+00  0.000000000000E+00  
0.000000000000E+00  1.0000000000000E+00 0.000000000000E+00  0.000000000000E+00  
0.000000000000E+00  0.000000000000E+00  1.0000000000000E+00 0.000000000000E+00  
0.000000000000E+00  0.000000000000E+00  0.000000000000E+00  1.0000000000000E+00 
HIEROBJ  EHIEROBJECT30                                      NONE                
JFCTRIAD  HIEROBJECT1                                                           
1.0000000000000E+00 0.000000000000E+00  0.000000000000E+00  0.000000000000E+00  
0.000000000000E+00  1.0000000000000E+00 0.000000000000E+00  0.000000000000E+00  
0.000000000000E+00  0.000000000000E+00  1.0000000000000E+00 0.000000000000E+00  
5.4501709754335E+00 2.1130202113357E-01 4.4495036313075E+01 1.0000000000000E+00 
HIEROBJ  EHIEROBJECT31                                      NONE                
JFCTRIAD  HIEROBJECT1                                                           
2.2204460492503E-16 -4.695600469636E-02 -9.988969584612E-01 0.000000000000E+00  
-1.000000000000E+00 3.3720188001488E-15 -3.808011750552E-16 0.000000000000E+00  
3.3861802251067E-15 9.9889695846116E-01 -4.695600469636E-02 0.000000000000E+00  
5.4501709754335E+00 2.1130202113357E-01 4.4495036313075E+01 1.0000000000000E+00 
HIEROBJ  EHIEROBJECT32                                      NONE                
JFCTRIAD  HIEROBJECT3                                                           
1.0000000000000E+00 0.000000000000E+00  0.000000000000E+00  0.000000000000E+00  
0.000000000000E+00  1.0000000000000E+00 0.000000000000E+00  0.000000000000E+00  
0.000000000000E+00  0.000000000000E+00  1.0000000000000E+00 0.000000000000E+00  
0.000000000000E+00  0.000000000000E+00  0.000000000000E+00  1.0000000000000E+00 
HIEROBJ  EHIEROBJECT33                                      NONE                
JFCTRIAD  HIEROBJECT3                                                           
1.0000000000000E+00 0.000000000000E+00  0.000000000000E+00  0.000000000000E+00  
0.000000000000E+00  1.0000000000000E+00 0.000000000000E+00  0.000000000000E+00  
0.000000000000E+00  0.000000000000E+00  1.0000000000000E+00 0.000000000000E+00  
2.0451401727001E+01 2.1130202113352E-01 4.4495036313075E+01 1.0000000000000E+00 
HIEROBJ  EHIEROBJECT34                                      NONE                
JFCTRIAD  HIEROBJECT3                                                           
2.2204460492503E-16 -4.695600469636E-02 -9.988969584612E-01 0.000000000000E+00  
-1.000000000000E+00 3.4274687202744E-15 -3.834077569331E-16 0.000000000000E+00  
3.4416913763380E-15 9.9889695846116E-01 -4.695600469636E-02 0.000000000000E+00  
2.0451401727001E+01 2.1130202113352E-01 4.4495036313075E+01 1.0000000000000E+00 
HIEROBJ  EHIEROBJECT35                                      NONE                
JFCTRIAD  HIEROBJECT5                                                           
1.0000000000000E+00 0.000000000000E+00  0.000000000000E+00  0.000000000000E+00  
0.000000000000E+00  1.0000000000000E+00 0.000000000000E+00  0.000000000000E+00  
0.000000000000E+00  0.000000000000E+00  1.0000000000000E+00 0.000000000000E+00  
0.000000000000E+00  0.000000000000E+00  0.000000000000E+00  1.0000000000000E+00 
HIEROBJ  EHIEROBJECT36                                      NONE                
JFCTRIAD  HIEROBJECT5                                                           
1.0000000000000E+00 0.000000000000E+00  0.000000000000E+00  0.000000000000E+00  
0.000000000000E+00  1.0000000000000E+00 0.000000000000E+00  0.000000000000E+00  
0.000000000000E+00  0.000000000000E+00  1.0000000000000E+00 0.000000000000E+00  
4.0136441097079E+01 2.1130202113346E-01 4.4495036313075E+01 1.0000000000000E+00 
HIEROBJ  EHIEROBJECT37                                      NONE                
JFCTRIAD  HIEROBJECT5                                                           
2.2204460492503E-16 -4.695600469636E-02 -9.988969584612E-01 0.000000000000E+00  
-1.000000000000E+00 3.3165688800232E-15 -3.781945931773E-16 0.000000000000E+00  
3.3306690738755E-15 9.9889695846116E-01 -4.695600469636E-02 0.000000000000E+00  
4.0136441097079E+01 2.1130202113346E-01 4.4495036313075E+01 1.0000000000000E+00 
HIEROBJ  EHIEROBJECT38                                      NONE                
JFCTRIAD  HIEROBJECT7                                                           
-2.220446049250E-16 1.2246467991474E-16 1.0000000000000E+00 0.000000000000E+00  
0.000000000000E+00  -1.000000000000E+00 1.2246467991474E-16 0.000000000000E+00  
1.0000000000000E+00 0.000000000000E+00  2.2204460492503E-16 0.000000000000E+00  
0.000000000000E+00  0.000000000000E+00  0.000000000000E+00  1.0000000000000E+00 
HIEROBJ  EHIEROBJECT39                                      NONE                
JFCTRIAD  HIEROBJECT7                                                           
-2.220446049250E-16 1.2229800505636E-16 1.0000000000000E+00 0.000000000000E+00  
0.000000000000E+00  -1.000000000000E+00 1.2229800505636E-16 0.000000000000E+00  
1.0000000000000E+00 0.000000000000E+00  2.2204460492503E-16 0.000000000000E+00  
5.5595266113961E+01 2.1130202113339E-01 4.4495036313075E+01 1.0000000000000E+00 
HIEROBJ  EHIEROBJECT40                                      NONE                
JFCTRIAD  HIEROBJECT7                                                           
2.2204460492503E-16 -4.695600469636E-02 -9.988969584612E-01 0.000000000000E+00  
-1.000000000000E+00 3.3165688800232E-15 -3.781945931773E-16 0.000000000000E+00  
3.3306690738755E-15 9.9889695846116E-01 -4.695600469636E-02 0.000000000000E+00  
5.5595266113961E+01 2.1130202113339E-01 4.4495036313075E+01 1.0000000000000E+00 
HIEROBJ  EHIEROBJECT41                                      NONE                
JFCTRIAD  HIEROBJECT9                                                           
-2.302062944997E-01 8.1957010622524E-15 9.7314185089981E-01 0.000000000000E+00  
-3.282827127575E-02 9.9943083610732E-01 -7.765851071189E-03 0.000000000000E+00  
-9.725879736958E-01 -3.373431246986E-02 -2.300752693890E-01 0.000000000000E+00  
0.000000000000E+00  0.000000000000E+00  0.000000000000E+00  1.0000000000000E+00 
HIEROBJ  EHIEROBJECT42                                      NONE                
JFCTRIAD  HIEROBJECT9                                                           
-2.302062944997E-01 8.1991705092044E-15 9.7314185089981E-01 0.000000000000E+00  
-3.282827127575E-02 9.9943083610732E-01 -7.765851071189E-03 0.000000000000E+00  
-9.725879736958E-01 -3.373431246986E-02 -2.300752693890E-01 0.000000000000E+00  
2.3371487346135E+01 9.5081202838453E-01 6.0226662156697E+01 1.0000000000000E+00 
HIEROBJ  EHIEROBJECT43                                      NONE                
JFCTRIAD  HIEROBJECT9                                                           
2.2204460492503E-16 -4.695600469636E-02 -9.988969584612E-01 0.000000000000E+00  
-1.000000000000E+00 3.3720188001488E-15 -3.808011750552E-16 0.000000000000E+00  
3.3861802251067E-15 9.9889695846116E-01 -4.695600469636E-02 0.000000000000E+00  
5.4501709754335E+00 2.1130202113357E-01 4.4495036313075E+01 1.0000000000000E+00 
HIEROBJ  EHIEROBJECT44                                      NONE                
JFCTRIAD  HIEROBJECT9                                                           
4.4408920985006E-16 4.4408920985006E-16 -1.000000000000E+00 0.000000000000E+00  
-1.000000000000E+00 0.000000000000E+00  -4.440892098501E-16 0.000000000000E+00  
0.000000000000E+00  1.0000000000000E+00 4.4408920985006E-16 0.000000000000E+00  
3.0293921412041E+01 1.1024832903133E+00 6.3453170953740E+01 1.0000000000000E+00 
HIEROBJ  EHIEROBJECT45                                      NONE                
JFCTRIAD  HIEROBJECT9                                                           
4.4408920985006E-16 4.4408920985006E-16 -1.000000000000E+00 0.000000000000E+00  
-1.000000000000E+00 0.000000000000E+00  -4.440892098501E-16 0.000000000000E+00  
0.000000000000E+00  1.0000000000000E+00 4.4408920985006E-16 0.000000000000E+00  
3.0293921412040E+01 9.0085279876118E-01 5.9163877474728E+01 1.0000000000000E+00 
HIEROBJ  EHIEROBJECT46                                      NONE                
JFCTRIAD  HIEROBJECT9                                                           
4.4408920985006E-16 4.4408920985006E-16 -1.000000000000E+00 0.000000000000E+00  
-1.000000000000E+00 0.000000000000E+00  -4.440892098501E-16 0.000000000000E+00  
0.000000000000E+00  1.0000000000000E+00 4.4408920985006E-16 0.000000000000E+00  
4.1040144573535E+01 1.1307385413517E+00 6.4054246034661E+01 1.0000000000000E+00 
HIEROBJ  EHIEROBJECT47                                      NONE                
JFCTRIAD  HIEROBJECT9                                                           
4.4408920985006E-16 4.4408920985006E-16 -1.000000000000E+00 0.000000000000E+00  
-1.000000000000E+00 0.000000000000E+00  -4.440892098501E-16 0.000000000000E+00  
0.000000000000E+00  1.0000000000000E+00 4.4408920985006E-16 0.000000000000E+00  
4.1771381411406E+01 8.9595851786980E-01 5.9059761242358E+01 1.0000000000000E+00 
HIEROBJ  EHIEROBJECT48                                      NONE                
JFCTRIAD  HIEROBJECT9                                                           
4.4408920985006E-16 4.4408920985006E-16 -1.000000000000E+00 0.000000000000E+00  
-1.000000000000E+00 0.000000000000E+00  -4.440892098501E-16 0.000000000000E+00  
0.000000000000E+00  1.0000000000000E+00 4.4408920985006E-16 0.000000000000E+00  
4.2073158552346E+01 1.2091138960354E+00 6.5721528077039E+01 1.0000000000000E+00 
HIEROBJ  EHIEROBJECT49                                      NONE                
JFCTRIAD  HIEROBJECT11                                                          
2.2204460492503E-16 1.0000000000000E+00 0.000000000000E+00  0.000000000000E+00  
-1.000000000000E+00 2.2204460492503E-16 0.000000000000E+00  0.000000000000E+00  
0.000000000000E+00  0.000000000000E+00  1.0000000000000E+00 0.000000000000E+00  
0.000000000000E+00  0.000000000000E+00  0.000000000000E+00  1.0000000000000E+00 
HIEROBJ  EHIEROBJECT50                                      NONE                
JFCTRIAD  HIEROBJECT11                                                          
2.2204460492503E-16 1.0000000000000E+00 0.000000000000E+00  0.000000000000E+00  
-1.000000000000E+00 2.2204460492503E-16 0.000000000000E+00  0.000000000000E+00  
0.000000000000E+00  0.000000000000E+00  1.0000000000000E+00 0.000000000000E+00  
2.0451401727001E+01 6.5689265572346E-01 5.3974103633406E+01 1.0000000000000E+00 
HIEROBJ  EHIEROBJECT51                                      NONE                
JFCTRIAD  HIEROBJECT11                                                          
2.2204460492503E-16 -4.695600469636E-02 -9.988969584612E-01 0.000000000000E+00  
-1.000000000000E+00 3.4274687202744E-15 -3.834077569331E-16 0.000000000000E+00  
3.4416913763380E-15 9.9889695846116E-01 -4.695600469636E-02 0.000000000000E+00  
2.0451401727001E+01 2.1130202113352E-01 4.4495036313075E+01 1.0000000000000E+00 
HIEROBJ  EHIEROBJECT52                                      NONE                
JFCTRIAD  HIEROBJECT11                                                          
4.4408920985006E-16 4.4408920985006E-16 -1.000000000000E+00 0.000000000000E+00  
-1.000000000000E+00 0.000000000000E+00  -4.440892098501E-16 0.000000000000E+00  
0.000000000000E+00  1.0000000000000E+00 4.4408920985006E-16 0.000000000000E+00  
2.0451401727001E+01 9.0085279876122E-01 5.9163877474728E+01 1.0000000000000E+00 
HIEROBJ  EHIEROBJECT53                                      NONE                
JFCTRIAD  HIEROBJECT11                                                          
4.4408920985006E-16 4.4408920985006E-16 -1.000000000000E+00 0.000000000000E+00  
-1.000000000000E+00 0.000000000000E+00  -4.440892098501E-16 0.000000000000E+00  
0.000000000000E+00  1.0000000000000E+00 4.4408920985006E-16 0.000000000000E+00  
2.0451401727001E+01 1.1024832903134E+00 6.3453170953740E+01 1.0000000000000E+00 
HIEROBJ  EHIEROBJECT54                                      NONE                
JFCTRIAD  HIEROBJECT13                                                          
2.2204460492503E-16 1.0000000000000E+00 0.000000000000E+00  0.000000000000E+00  
-1.000000000000E+00 2.2204460492503E-16 0.000000000000E+00  0.000000000000E+00  
0.000000000000E+00  0.000000000000E+00  1.0000000000000E+00 0.000000000000E+00  
0.000000000000E+00  0.000000000000E+00  0.000000000000E+00  1.0000000000000E+00 
HIEROBJ  EHIEROBJECT55                                      NONE                
JFCTRIAD  HIEROBJECT13                                                          
2.2204460492503E-16 1.0000000000000E+00 0.000000000000E+00  0.000000000000E+00  
-1.000000000000E+00 2.2204460492503E-16 0.000000000000E+00  0.000000000000E+00  
0.000000000000E+00  0.000000000000E+00  1.0000000000000E+00 0.000000000000E+00  
4.0136441097079E+01 6.5689265572339E-01 5.3974103633406E+01 1.0000000000000E+00 
HIEROBJ  EHIEROBJECT56                                      NONE                
JFCTRIAD  HIEROBJECT13                                                          
2.2204460492503E-16 -4.695600469636E-02 -9.988969584612E-01 0.000000000000E+00  
-1.000000000000E+00 3.3165688800232E-15 -3.781945931773E-16 0.000000000000E+00  
3.3306690738755E-15 9.9889695846116E-01 -4.695600469636E-02 0.000000000000E+00  
4.0136441097079E+01 2.1130202113346E-01 4.4495036313075E+01 1.0000000000000E+00 
HIEROBJ  EHIEROBJECT57                                      NONE                
JFCTRIAD  HIEROBJECT13                                                          
4.4408920985006E-16 4.4408920985006E-16 -1.000000000000E+00 0.000000000000E+00  
-1.000000000000E+00 0.000000000000E+00  -4.440892098501E-16 0.000000000000E+00  
0.000000000000E+00  1.0000000000000E+00 4.4408920985006E-16 0.000000000000E+00  
4.0136441097079E+01 9.0085279876114E-01 5.9163877474728E+01 1.0000000000000E+00 
HIEROBJ  EHIEROBJECT58                                      NONE                
JFCTRIAD  HIEROBJECT13                                                          
4.4408920985006E-16 4.4408920985006E-16 -1.000000000000E+00 0.000000000000E+00  
-1.000000000000E+00 0.000000000000E+00  -4.440892098501E-16 0.000000000000E+00  
0.000000000000E+00  1.0000000000000E+00 4.4408920985006E-16 0.000000000000E+00  
4.0136441097079E+01 1.1024832903133E+00 6.3453170953740E+01 1.0000000000000E+00 
HIEROBJ  EHIEROBJECT59                                      NONE                
JFCTRIAD  HIEROBJECT15                                                          
0.000000000000E+00  1.0000000000000E+00 0.000000000000E+00  0.000000000000E+00  
-4.440892098501E-16 0.000000000000E+00  1.0000000000000E+00 0.000000000000E+00  
1.0000000000000E+00 0.000000000000E+00  4.4408920985006E-16 0.000000000000E+00  
0.000000000000E+00  0.000000000000E+00  0.000000000000E+00  1.0000000000000E+00 
HIEROBJ  EHIEROBJECT60                                      NONE                
JFCTRIAD  HIEROBJECT15                                                          
0.000000000000E+00  1.0000000000000E+00 0.000000000000E+00  0.000000000000E+00  
-4.440892098501E-16 0.000000000000E+00  1.0000000000000E+00 0.000000000000E+00  
1.0000000000000E+00 0.000000000000E+00  4.4408920985006E-16 0.000000000000E+00  
3.0293921412041E+01 1.1024832903133E+00 6.3453170953740E+01 1.0000000000000E+00 
HIEROBJ  EHIEROBJECT61                                      NONE                
JFCTRIAD  HIEROBJECT15                                                          
4.4408920985006E-16 4.4408920985006E-16 -1.000000000000E+00 0.000000000000E+00  
-1.000000000000E+00 0.000000000000E+00  -4.440892098501E-16 0.000000000000E+00  
0.000000000000E+00  1.0000000000000E+00 4.4408920985006E-16 0.000000000000E+00  
2.0451401727001E+01 1.1024832903134E+00 6.3453170953740E+01 1.0000000000000E+00 
HIEROBJ  EHIEROBJECT62                                      NONE                
JFCTRIAD  HIEROBJECT15                                                          
4.4408920985006E-16 4.4408920985006E-16 -1.000000000000E+00 0.000000000000E+00  
-1.000000000000E+00 0.000000000000E+00  -4.440892098501E-16 0.000000000000E+00  
0.000000000000E+00  1.0000000000000E+00 4.4408920985006E-16 0.000000000000E+00  
4.0136441097079E+01 1.1024832903133E+00 6.3453170953740E+01 1.0000000000000E+00 
HIEROBJ  EHIEROBJECT63                                      NONE                
JFCTRIAD  HIEROBJECT15                                                          
4.4408920985006E-16 4.4408920985006E-16 -1.000000000000E+00 0.000000000000E+00  
-1.000000000000E+00 0.000000000000E+00  -4.440892098501E-16 0.000000000000E+00  
0.000000000000E+00  1.0000000000000E+00 4.4408920985006E-16 0.000000000000E+00  
3.0293921412041E+01 1.1024832903133E+00 6.3453170953740E+01 1.0000000000000E+00 
HIEROBJ  EHIEROBJECT64                                      NONE                
JFCTRIAD  HIEROBJECT17                                                          
0.000000000000E+00  1.0000000000000E+00 0.000000000000E+00  0.000000000000E+00  
-4.440892098501E-16 0.000000000000E+00  1.0000000000000E+00 0.000000000000E+00  
1.0000000000000E+00 0.000000000000E+00  4.4408920985006E-16 0.000000000000E+00  
0.000000000000E+00  0.000000000000E+00  0.000000000000E+00  1.0000000000000E+00 
HIEROBJ  EHIEROBJECT65                                      NONE                
JFCTRIAD  HIEROBJECT17                                                          
0.000000000000E+00  1.0000000000000E+00 0.000000000000E+00  0.000000000000E+00  
-4.440892098501E-16 0.000000000000E+00  1.0000000000000E+00 0.000000000000E+00  
1.0000000000000E+00 0.000000000000E+00  4.4408920985006E-16 0.000000000000E+00  
3.0293921412040E+01 9.0085279876118E-01 5.9163877474728E+01 1.0000000000000E+00 
HIEROBJ  EHIEROBJECT66                                      NONE                
JFCTRIAD  HIEROBJECT17                                                          
4.4408920985006E-16 4.4408920985006E-16 -1.000000000000E+00 0.000000000000E+00  
-1.000000000000E+00 0.000000000000E+00  -4.440892098501E-16 0.000000000000E+00  
0.000000000000E+00  1.0000000000000E+00 4.4408920985006E-16 0.000000000000E+00  
2.0451401727001E+01 9.0085279876122E-01 5.9163877474728E+01 1.0000000000000E+00 
HIEROBJ  EHIEROBJECT67                                      NONE                
JFCTRIAD  HIEROBJECT17                                                          
4.4408920985006E-16 4.4408920985006E-16 -1.000000000000E+00 0.000000000000E+00  
-1.000000000000E+00 0.000000000000E+00  -4.440892098501E-16 0.000000000000E+00  
0.000000000000E+00  1.0000000000000E+00 4.4408920985006E-16 0.000000000000E+00  
4.0136441097079E+01 9.0085279876114E-01 5.9163877474728E+01 1.0000000000000E+00 
HIEROBJ  EHIEROBJECT68                                      NONE                
JFCTRIAD  HIEROBJECT17                                                          
4.4408920985006E-16 4.4408920985006E-16 -1.000000000000E+00 0.000000000000E+00  
-1.000000000000E+00 0.000000000000E+00  -4.440892098501E-16 0.000000000000E+00  
0.000000000000E+00  1.0000000000000E+00 4.4408920985006E-16 0.000000000000E+00  
3.0293921412040E+01 9.0085279876118E-01 5.9163877474728E+01 1.0000000000000E+00 
HIEROBJ  EHIEROBJECT69                                      NONE                
JFCTRIAD  HIEROBJECT19                                                          
-1.430351792164E-02 9.9988591728299E-01 -4.854049260561E-03 0.000000000000E+00  
-3.213598681870E-01 -2.767125938108E-12 9.4695714534441E-01 0.000000000000E+00  
9.4684911390036E-01 1.5104715130006E-02 3.2132320658013E-01 0.000000000000E+00  
0.000000000000E+00  0.000000000000E+00  0.000000000000E+00  1.0000000000000E+00 
HIEROBJ  EHIEROBJECT70                                      NONE                
JFCTRIAD  HIEROBJECT19                                                          
-1.430351792164E-02 9.9988591728299E-01 -4.854049260561E-03 0.000000000000E+00  
-3.213598681870E-01 -2.767125070746E-12 9.4695714534441E-01 0.000000000000E+00  
9.4684911390036E-01 1.5104715130006E-02 3.2132320658013E-01 0.000000000000E+00  
4.6631773198929E+01 1.2199396149274E+00 6.5951824026283E+01 1.0000000000000E+00 
HIEROBJ  EHIEROBJECT71                                      NONE                
JFCTRIAD  HIEROBJECT19                                                          
4.4408920985006E-16 4.4408920985006E-16 -1.000000000000E+00 0.000000000000E+00  
-1.000000000000E+00 0.000000000000E+00  -4.440892098501E-16 0.000000000000E+00  
0.000000000000E+00  1.0000000000000E+00 4.4408920985006E-16 0.000000000000E+00  
4.1040144573535E+01 1.1307385413517E+00 6.4054246034661E+01 1.0000000000000E+00 
HIEROBJ  EHIEROBJECT72                                      NONE                
JFCTRIAD  HIEROBJECT19                                                          
4.4408920985006E-16 4.4408920985006E-16 -1.000000000000E+00 0.000000000000E+00  
-1.000000000000E+00 0.000000000000E+00  -4.440892098501E-16 0.000000000000E+00  
0.000000000000E+00  1.0000000000000E+00 4.4408920985006E-16 0.000000000000E+00  
5.2223401824327E+01 1.3091406885031E+00 6.7849402017906E+01 1.0000000000000E+00 
HIEROBJ  EHIEROBJECT73                                      NONE                
JFCTRIAD  HIEROBJECT19                                                          
9.6319678381468E-02 0.000000000000E+00  9.9535045062354E-01 0.000000000000E+00  
4.5066832624152E-03 9.9998974975449E-01 -4.361099973693E-04 0.000000000000E+00  
-9.953402480371E-01 4.5277351907481E-03 9.6318691081117E-02 0.000000000000E+00  
4.1040144573535E+01 1.1307385413517E+00 6.4054246034661E+01 1.0000000000000E+00 
HIEROBJ  EHIEROBJECT74                                      NONE                
JFCTRIAD  HIEROBJECT21                                                          
-1.446387949728E-02 9.9988300012645E-01 -4.978177179063E-03 0.000000000000E+00  
-3.254433181764E-01 -2.908854580819E-12 9.4556155096022E-01 0.000000000000E+00  
9.4545092037831E-01 1.5296602829973E-02 3.2540524134941E-01 0.000000000000E+00  
0.000000000000E+00  0.000000000000E+00  0.000000000000E+00  1.0000000000000E+00 
HIEROBJ  EHIEROBJECT75                                      NONE                
JFCTRIAD  HIEROBJECT21                                                          
-1.446387949728E-02 9.9988300012645E-01 -4.978177179063E-03 0.000000000000E+00  
-3.254433181764E-01 -2.908957796866E-12 9.4556155096022E-01 0.000000000000E+00  
9.4545092037831E-01 1.5296602829973E-02 3.2540524134941E-01 0.000000000000E+00  
4.7354472769370E+01 9.8628825283650E-01 6.0981349292709E+01 1.0000000000000E+00 
HIEROBJ  EHIEROBJECT76                                      NONE                
JFCTRIAD  HIEROBJECT21                                                          
4.4408920985006E-16 4.4408920985006E-16 -1.000000000000E+00 0.000000000000E+00  
-1.000000000000E+00 0.000000000000E+00  -4.440892098501E-16 0.000000000000E+00  
0.000000000000E+00  1.0000000000000E+00 4.4408920985006E-16 0.000000000000E+00  
4.1771381411406E+01 8.9595851786980E-01 5.9059761242358E+01 1.0000000000000E+00 
HIEROBJ  EHIEROBJECT77                                      NONE                
JFCTRIAD  HIEROBJECT21                                                          
4.4408920985006E-16 4.4408920985006E-16 -1.000000000000E+00 0.000000000000E+00  
-1.000000000000E+00 0.000000000000E+00  -4.440892098501E-16 0.000000000000E+00  
0.000000000000E+00  1.0000000000000E+00 4.4408920985006E-16 0.000000000000E+00  
5.2937564127331E+01 1.0766179878032E+00 6.2902937343063E+01 1.0000000000000E+00 
HIEROBJ  EHIEROBJECT78                                      NONE                
JFCTRIAD  HIEROBJECT21                                                          
9.6319678381468E-02 0.000000000000E+00  9.9535045062354E-01 0.000000000000E+00  
4.5066832624152E-03 9.9998974975449E-01 -4.361099973693E-04 0.000000000000E+00  
-9.953402480371E-01 4.5277351907481E-03 9.6318691081117E-02 0.000000000000E+00  
5.2937564127331E+01 1.0766179878032E+00 6.2902937343063E+01 1.0000000000000E+00 
HIEROBJ  EHIEROBJECT79                                      NONE                
JFCTRIAD  HIEROBJECT23                                                          
6.6411467194765E-03 9.9891944547608E-01 -4.599822409638E-02 0.000000000000E+00  
9.8973761362682E-01 1.4229624423212E-12 1.4289666256526E-01 0.000000000000E+00  
1.4274225493014E-01 -4.647517025004E-02 -9.886681481709E-01 0.000000000000E+00  
0.000000000000E+00  0.000000000000E+00  0.000000000000E+00  1.0000000000000E+00 
HIEROBJ  EHIEROBJECT80                                      NONE                
JFCTRIAD  HIEROBJECT23                                                          
6.6411467194765E-03 9.9891944547608E-01 -4.599822409638E-02 0.000000000000E+00  
9.8973761362682E-01 1.4229485645334E-12 1.4289666256526E-01 0.000000000000E+00  
1.4274225493014E-01 -4.647517025004E-02 -9.886681481709E-01 0.000000000000E+00  
5.3909333969142E+01 7.6022135481823E-01 5.6172219165488E+01 1.0000000000000E+00 
HIEROBJ  EHIEROBJECT81                                      NONE                
JFCTRIAD  HIEROBJECT23                                                          
2.2204460492503E-16 -4.695600469636E-02 -9.988969584612E-01 0.000000000000E+00  
-1.000000000000E+00 3.3165688800232E-15 -3.781945931773E-16 0.000000000000E+00  
3.3306690738755E-15 9.9889695846116E-01 -4.695600469636E-02 0.000000000000E+00  
5.5595266113961E+01 2.1130202113339E-01 4.4495036313075E+01 1.0000000000000E+00 
HIEROBJ  EHIEROBJECT82                                      NONE                
