HIEROBJ  EWORLD                                             NONE                
ROOT                                                                            
1.0000000000000E+00 0.000000000000E+00  0.000000000000E+00  0.000000000000E+00  
0.000000000000E+00  1.0000000000000E+00 0.000000000000E+00  0.000000000000E+00  
0.000000000000E+00  0.000000000000E+00  1.0000000000000E+00 0.000000000000E+00  
0.000000000000E+00  0.000000000000E+00  0.000000000000E+00  1.0000000000000E+00 
HIEROBJ  EHIEROBJECT1                                       NONE                
BODYNCBF  WORLD                                   BODY1                         
1.0000000000000E+00 0.000000000000E+00  0.000000000000E+00  0.000000000000E+00  
0.000000000000E+00  1.0000000000000E+00 0.000000000000E+00  0.000000000000E+00  
0.000000000000E+00  0.000000000000E+00  1.0000000000000E+00 0.000000000000E+00  
0.000000000000E+00  0.000000000000E+00  0.000000000000E+00  1.0000000000000E+00 
HIEROBJ  EHIEROBJECT2                                       NONE                
CGTRIAD   HIEROBJECT1                                                           
-1.155401103938E-03 -2.107689994556E-06 9.9999933252170E-01 0.000000000000E+00  
8.8696204274954E-04 9.9999960664418E-01 3.1324881796955E-06 0.000000000000E+00  
-9.999989391727E-01 8.8696507000193E-04 -1.155398780013E-03 0.000000000000E+00  
4.1473878876693E+02 5.7593424202362E+01 1.8742748409646E+02 1.0000000000000E+00 
HIEROBJ  EHIEROBJECT3                                       NONE                
BODYNCBF  WORLD                                   BODY2                         
1.0000000000000E+00 0.000000000000E+00  0.000000000000E+00  0.000000000000E+00  
0.000000000000E+00  1.0000000000000E+00 0.000000000000E+00  0.000000000000E+00  
0.000000000000E+00  0.000000000000E+00  1.0000000000000E+00 0.000000000000E+00  
0.000000000000E+00  0.000000000000E+00  0.000000000000E+00  1.0000000000000E+00 
HIEROBJ  EHIEROBJECT4                                       NONE                
CGTRIAD   HIEROBJECT3                                                           
0.000000000000E+00  1.0000000000000E+00 0.000000000000E+00  0.000000000000E+00  
-9.890891392041E-02 0.000000000000E+00  9.9509649117414E-01 0.000000000000E+00  
9.9509649117414E-01 0.000000000000E+00  9.8908913920405E-02 0.000000000000E+00  
2.9221552775276E+02 7.6859425245669E+01 2.1519056660945E+02 1.0000000000000E+00 
HIEROBJ  EHIEROBJECT5                                       NONE                
BODYNCBF  WORLD                                   BODY3                         
1.0000000000000E+00 0.000000000000E+00  0.000000000000E+00  0.000000000000E+00  
0.000000000000E+00  1.0000000000000E+00 0.000000000000E+00  0.000000000000E+00  
0.000000000000E+00  0.000000000000E+00  1.0000000000000E+00 0.000000000000E+00  
0.000000000000E+00  0.000000000000E+00  0.000000000000E+00  1.0000000000000E+00 
HIEROBJ  EHIEROBJECT6                                       NONE                
CGTRIAD   HIEROBJECT5                                                           
0.000000000000E+00  1.0000000000000E+00 0.000000000000E+00  0.000000000000E+00  
-9.890891392041E-02 0.000000000000E+00  9.9509649117414E-01 0.000000000000E+00  
9.9509649117414E-01 0.000000000000E+00  9.8908913920405E-02 0.000000000000E+00  
2.9221552775276E+02 4.3863362253543E+01 2.1519056660945E+02 1.0000000000000E+00 
HIEROBJ  EHIEROBJECT7                                       NONE                
BODYNCBF  WORLD                                   BODY4                         
1.0000000000000E+00 0.000000000000E+00  0.000000000000E+00  0.000000000000E+00  
0.000000000000E+00  1.0000000000000E+00 0.000000000000E+00  0.000000000000E+00  
0.000000000000E+00  0.000000000000E+00  1.0000000000000E+00 0.000000000000E+00  
0.000000000000E+00  0.000000000000E+00  0.000000000000E+00  1.0000000000000E+00 
HIEROBJ  EHIEROBJECT8                                       NONE                
CGTRIAD   HIEROBJECT7                                                           
0.000000000000E+00  0.000000000000E+00  1.0000000000000E+00 0.000000000000E+00  
1.0000000000000E+00 0.000000000000E+00  0.000000000000E+00  0.000000000000E+00  
0.000000000000E+00  1.0000000000000E+00 0.000000000000E+00  0.000000000000E+00  
2.7761082132087E+02 6.0361393749606E+01 2.2362440381260E+02 1.0000000000000E+00 
HIEROBJ  EHIEROBJECT9                                       NONE                
BODYNCBF  WORLD                                   BODY5                         
1.0000000000000E+00 0.000000000000E+00  0.000000000000E+00  0.000000000000E+00  
0.000000000000E+00  1.0000000000000E+00 0.000000000000E+00  0.000000000000E+00  
0.000000000000E+00  0.000000000000E+00  1.0000000000000E+00 0.000000000000E+00  
0.000000000000E+00  0.000000000000E+00  0.000000000000E+00  1.0000000000000E+00 
HIEROBJ  EHIEROBJECT10                                      NONE                
CGTRIAD   HIEROBJECT9                                                           
0.000000000000E+00  1.0000000000000E+00 0.000000000000E+00  0.000000000000E+00  
-2.547961640204E-01 0.000000000000E+00  9.6699478530160E-01 0.000000000000E+00  
9.6699478530160E-01 0.000000000000E+00  2.5479616402042E-01 0.000000000000E+00  
2.7756921504488E+02 7.6359425245669E+01 2.1925928635276E+02 1.0000000000000E+00 
HIEROBJ  EHIEROBJECT11                                      NONE                
BODYNCBF  WORLD                                   BODY6                         
1.0000000000000E+00 0.000000000000E+00  0.000000000000E+00  0.000000000000E+00  
0.000000000000E+00  1.0000000000000E+00 0.000000000000E+00  0.000000000000E+00  
0.000000000000E+00  0.000000000000E+00  1.0000000000000E+00 0.000000000000E+00  
0.000000000000E+00  0.000000000000E+00  0.000000000000E+00  1.0000000000000E+00 
HIEROBJ  EHIEROBJECT12                                      NONE                
CGTRIAD   HIEROBJECT11                                                          
0.000000000000E+00  1.0000000000000E+00 0.000000000000E+00  0.000000000000E+00  
-2.547961640204E-01 0.000000000000E+00  9.6699478530160E-01 0.000000000000E+00  
9.6699478530160E-01 0.000000000000E+00  2.5479616402042E-01 0.000000000000E+00  
2.7756921504488E+02 4.4363362253543E+01 2.1925928635276E+02 1.0000000000000E+00 
HIEROBJ  EHIEROBJECT13                                      NONE                
BODYNCBF  WORLD                                   BODY7                         
1.0000000000000E+00 0.000000000000E+00  0.000000000000E+00  0.000000000000E+00  
0.000000000000E+00  1.0000000000000E+00 0.000000000000E+00  0.000000000000E+00  
0.000000000000E+00  0.000000000000E+00  1.0000000000000E+00 0.000000000000E+00  
0.000000000000E+00  0.000000000000E+00  0.000000000000E+00  1.0000000000000E+00 
HIEROBJ  EHIEROBJECT14                                      NONE                
CGTRIAD   HIEROBJECT13                                                          
0.000000000000E+00  1.0000000000000E+00 0.000000000000E+00  0.000000000000E+00  
0.000000000000E+00  0.000000000000E+00  1.0000000000000E+00 0.000000000000E+00  
1.0000000000000E+00 0.000000000000E+00  0.000000000000E+00  0.000000000000E+00  
2.8185740850079E+02 7.9609425245669E+01 2.1137516765039E+02 1.0000000000000E+00 
HIEROBJ  EHIEROBJECT15                                      NONE                
BODYNCBF  WORLD                                   BODY8                         
1.0000000000000E+00 0.000000000000E+00  0.000000000000E+00  0.000000000000E+00  
0.000000000000E+00  1.0000000000000E+00 0.000000000000E+00  0.000000000000E+00  
0.000000000000E+00  0.000000000000E+00  1.0000000000000E+00 0.000000000000E+00  
0.000000000000E+00  0.000000000000E+00  0.000000000000E+00  1.0000000000000E+00 
HIEROBJ  EHIEROBJECT16                                      NONE                
CGTRIAD   HIEROBJECT15                                                          
0.000000000000E+00  1.0000000000000E+00 0.000000000000E+00  0.000000000000E+00  
1.0000000000000E+00 0.000000000000E+00  0.000000000000E+00  0.000000000000E+00  
0.000000000000E+00  0.000000000000E+00  -1.000000000000E+00 0.000000000000E+00  
3.0147922479252E+02 7.9609425245669E+01 2.1137516765039E+02 1.0000000000000E+00 
HIEROBJ  EHIEROBJECT17                                      NONE                
BODYNCBF  WORLD                                   BODY9                         
1.0000000000000E+00 0.000000000000E+00  0.000000000000E+00  0.000000000000E+00  
0.000000000000E+00  1.0000000000000E+00 0.000000000000E+00  0.000000000000E+00  
0.000000000000E+00  0.000000000000E+00  1.0000000000000E+00 0.000000000000E+00  
0.000000000000E+00  0.000000000000E+00  0.000000000000E+00  1.0000000000000E+00 
HIEROBJ  EHIEROBJECT18                                      NONE                
CGTRIAD   HIEROBJECT17                                                          
0.000000000000E+00  1.0000000000000E+00 0.000000000000E+00  0.000000000000E+00  
0.000000000000E+00  0.000000000000E+00  1.0000000000000E+00 0.000000000000E+00  
1.0000000000000E+00 0.000000000000E+00  0.000000000000E+00  0.000000000000E+00  
2.6223640277008E+02 7.9109425245669E+01 2.1137516765039E+02 1.0000000000000E+00 
HIEROBJ  EHIEROBJECT19                                      NONE                
BODYNCBF  WORLD                                   BODY10                        
1.0000000000000E+00 0.000000000000E+00  0.000000000000E+00  0.000000000000E+00  
0.000000000000E+00  1.0000000000000E+00 0.000000000000E+00  0.000000000000E+00  
0.000000000000E+00  0.000000000000E+00  1.0000000000000E+00 0.000000000000E+00  
0.000000000000E+00  0.000000000000E+00  0.000000000000E+00  1.0000000000000E+00 
HIEROBJ  EHIEROBJECT20                                      NONE                
CGTRIAD   HIEROBJECT19                                                          
0.000000000000E+00  1.0000000000000E+00 0.000000000000E+00  0.000000000000E+00  
1.0000000000000E+00 0.000000000000E+00  0.000000000000E+00  0.000000000000E+00  
0.000000000000E+00  0.000000000000E+00  -1.000000000000E+00 0.000000000000E+00  
2.8185740850079E+02 4.1113362253543E+01 2.1137516765039E+02 1.0000000000000E+00 
HIEROBJ  EHIEROBJECT21                                      NONE                
BODYNCBF  WORLD                                   BODY11                        
1.0000000000000E+00 0.000000000000E+00  0.000000000000E+00  0.000000000000E+00  
0.000000000000E+00  1.0000000000000E+00 0.000000000000E+00  0.000000000000E+00  
0.000000000000E+00  0.000000000000E+00  1.0000000000000E+00 0.000000000000E+00  
0.000000000000E+00  0.000000000000E+00  0.000000000000E+00  1.0000000000000E+00 
HIEROBJ  EHIEROBJECT22                                      NONE                
CGTRIAD   HIEROBJECT21                                                          
0.000000000000E+00  1.0000000000000E+00 0.000000000000E+00  0.000000000000E+00  
0.000000000000E+00  0.000000000000E+00  1.0000000000000E+00 0.000000000000E+00  
1.0000000000000E+00 0.000000000000E+00  0.000000000000E+00  0.000000000000E+00  
3.0147922479252E+02 4.1113362253543E+01 2.1137516765039E+02 1.0000000000000E+00 
HIEROBJ  EHIEROBJECT23                                      NONE                
BODYNCBF  WORLD                                   BODY12                        
1.0000000000000E+00 0.000000000000E+00  0.000000000000E+00  0.000000000000E+00  
0.000000000000E+00  1.0000000000000E+00 0.000000000000E+00  0.000000000000E+00  
0.000000000000E+00  0.000000000000E+00  1.0000000000000E+00 0.000000000000E+00  
0.000000000000E+00  0.000000000000E+00  0.000000000000E+00  1.0000000000000E+00 
HIEROBJ  EHIEROBJECT24                                      NONE                
CGTRIAD   HIEROBJECT23                                                          
0.000000000000E+00  1.0000000000000E+00 0.000000000000E+00  0.000000000000E+00  
1.0000000000000E+00 0.000000000000E+00  0.000000000000E+00  0.000000000000E+00  
0.000000000000E+00  0.000000000000E+00  -1.000000000000E+00 0.000000000000E+00  
2.6223640277008E+02 4.1613362253543E+01 2.1137516765039E+02 1.0000000000000E+00 
HIEROBJ  EHIEROBJECT25                                      NONE                
BODYNCBF  WORLD                                   BODY13                        
1.0000000000000E+00 0.000000000000E+00  0.000000000000E+00  0.000000000000E+00  
0.000000000000E+00  1.0000000000000E+00 0.000000000000E+00  0.000000000000E+00  
0.000000000000E+00  0.000000000000E+00  1.0000000000000E+00 0.000000000000E+00  
0.000000000000E+00  0.000000000000E+00  0.000000000000E+00  1.0000000000000E+00 
HIEROBJ  EHIEROBJECT26                                      NONE                
CGTRIAD   HIEROBJECT25                                                          
1.0000000000000E+00 0.000000000000E+00  0.000000000000E+00  0.000000000000E+00  
0.000000000000E+00  1.0000000000000E+00 0.000000000000E+00  0.000000000000E+00  
0.000000000000E+00  0.000000000000E+00  1.0000000000000E+00 0.000000000000E+00  
0.000000000000E+00  0.000000000000E+00  0.000000000000E+00  1.0000000000000E+00 
HIEROBJ  EHIEROBJECT27                                      NONE                
JFCTRIAD  HIEROBJECT1                                                           
-1.155401103938E-03 -2.107689994293E-06 9.9999933252170E-01 0.000000000000E+00  
8.8696204274939E-04 9.9999960664418E-01 3.1324881794326E-06 0.000000000000E+00  
-9.999989391727E-01 8.8696507000178E-04 -1.155398780013E-03 0.000000000000E+00  
0.000000000000E+00  0.000000000000E+00  0.000000000000E+00  1.0000000000000E+00 
HIEROBJ  EHIEROBJECT28                                      NONE                
JFCTRIAD  HIEROBJECT1                                                           
-1.155401103938E-03 -2.107689994313E-06 9.9999933252170E-01 0.000000000000E+00  
8.8696204274947E-04 9.9999960664418E-01 3.1324881794528E-06 0.000000000000E+00  
-9.999989391727E-01 8.8696507000186E-04 -1.155398780013E-03 0.000000000000E+00  
4.1473878876693E+02 5.7593424202362E+01 1.8742748409646E+02 1.0000000000000E+00 
HIEROBJ  EHIEROBJECT29                                      NONE                
JFCTRIAD  HIEROBJECT3                                                           
0.000000000000E+00  0.000000000000E+00  1.0000000000000E+00 0.000000000000E+00  
-1.000000000000E+00 -1.776356839400E-15 0.000000000000E+00  0.000000000000E+00  
1.7763568394003E-15 -1.000000000000E+00 0.000000000000E+00  0.000000000000E+00  
2.9461134840462E+02 7.6609425245764E+01 2.1937476753043E+02 1.0000000000000E+00 
HIEROBJ  EHIEROBJECT30                                      NONE                
JFCTRIAD  HIEROBJECT3                                                           
0.000000000000E+00  -8.881784197001E-16 1.0000000000000E+00 0.000000000000E+00  
-1.000000000000E+00 -1.776356839400E-15 0.000000000000E+00  0.000000000000E+00  
1.7763568394003E-15 -1.000000000000E+00 -8.881784197001E-16 0.000000000000E+00  
2.8185740850076E+02 7.7109425245764E+01 2.1137516765033E+02 1.0000000000000E+00 
HIEROBJ  EHIEROBJECT31                                      NONE                
JFCTRIAD  HIEROBJECT3                                                           
0.000000000000E+00  -8.881784197001E-16 -1.000000000000E+00 0.000000000000E+00  
-1.000000000000E+00 -2.664535259100E-15 0.000000000000E+00  0.000000000000E+00  
-2.664535259100E-15 1.0000000000000E+00 -8.881784197001E-16 0.000000000000E+00  
3.0147922479262E+02 7.7109425245764E+01 2.1137516765033E+02 1.0000000000000E+00 
HIEROBJ  EHIEROBJECT32                                      NONE                
JFCTRIAD  HIEROBJECT3                                                           
0.000000000000E+00  1.0000000000000E+00 0.000000000000E+00  0.000000000000E+00  
-9.890891392041E-02 0.000000000000E+00  9.9509649117414E-01 0.000000000000E+00  
9.9509649117414E-01 0.000000000000E+00  9.8908913920405E-02 0.000000000000E+00  
0.000000000000E+00  0.000000000000E+00  0.000000000000E+00  1.0000000000000E+00 
HIEROBJ  EHIEROBJECT33                                      NONE                
JFCTRIAD  HIEROBJECT3                                                           
0.000000000000E+00  1.0000000000000E+00 0.000000000000E+00  0.000000000000E+00  
-9.890891392040E-02 0.000000000000E+00  9.9509649117414E-01 0.000000000000E+00  
9.9509649117414E-01 0.000000000000E+00  9.8908913920405E-02 0.000000000000E+00  
2.9221552775276E+02 7.6859425245669E+01 2.1519056660945E+02 1.0000000000000E+00 
HIEROBJ  EHIEROBJECT34                                      NONE                
JFCTRIAD  HIEROBJECT5                                                           
0.000000000000E+00  0.000000000000E+00  -1.000000000000E+00 0.000000000000E+00  
-1.000000000000E+00 -1.776356839400E-15 0.000000000000E+00  0.000000000000E+00  
-1.776356839400E-15 1.0000000000000E+00 0.000000000000E+00  0.000000000000E+00  
2.9461134840462E+02 4.4113362253638E+01 2.1937476753043E+02 1.0000000000000E+00 
HIEROBJ  EHIEROBJECT35                                      NONE                
JFCTRIAD  HIEROBJECT5                                                           
0.000000000000E+00  8.8817841970012E-16 1.0000000000000E+00 0.000000000000E+00  
-1.000000000000E+00 -1.776356839400E-15 0.000000000000E+00  0.000000000000E+00  
1.7763568394002E-15 -1.000000000000E+00 8.8817841970012E-16 0.000000000000E+00  
2.8185740850076E+02 4.3613362253638E+01 2.1137516765033E+02 1.0000000000000E+00 
HIEROBJ  EHIEROBJECT36                                      NONE                
JFCTRIAD  HIEROBJECT5                                                           
8.8817841970012E-16 8.8817841970013E-16 1.0000000000000E+00 0.000000000000E+00  
-1.000000000000E+00 -8.881784197001E-16 8.8817841970012E-16 0.000000000000E+00  
8.8817841970012E-16 -1.000000000000E+00 8.8817841970012E-16 0.000000000000E+00  
3.0147922479262E+02 4.3613362253638E+01 2.1137516765033E+02 1.0000000000000E+00 
HIEROBJ  EHIEROBJECT37                                      NONE                
JFCTRIAD  HIEROBJECT5                                                           
0.000000000000E+00  1.0000000000000E+00 0.000000000000E+00  0.000000000000E+00  
-9.890891392041E-02 0.000000000000E+00  9.9509649117414E-01 0.000000000000E+00  
9.9509649117414E-01 0.000000000000E+00  9.8908913920405E-02 0.000000000000E+00  
0.000000000000E+00  0.000000000000E+00  0.000000000000E+00  1.0000000000000E+00 
HIEROBJ  EHIEROBJECT38                                      NONE                
JFCTRIAD  HIEROBJECT5                                                           
0.000000000000E+00  1.0000000000000E+00 0.000000000000E+00  0.000000000000E+00  
-9.890891392040E-02 0.000000000000E+00  9.9509649117414E-01 0.000000000000E+00  
9.9509649117414E-01 0.000000000000E+00  9.8908913920405E-02 0.000000000000E+00  
2.9221552775276E+02 4.3863362253543E+01 2.1519056660945E+02 1.0000000000000E+00 
HIEROBJ  EHIEROBJECT39                                      NONE                
JFCTRIAD  HIEROBJECT7                                                           
0.000000000000E+00  8.8817841970013E-16 -1.000000000000E+00 0.000000000000E+00  
-1.000000000000E+00 -1.776356839400E-15 0.000000000000E+00  0.000000000000E+00  
-1.776356839400E-15 1.0000000000000E+00 8.8817841970013E-16 0.000000000000E+00  
2.7761082132087E+02 7.6109425245764E+01 2.2362440381244E+02 1.0000000000000E+00 
HIEROBJ  EHIEROBJECT40                                      NONE                
JFCTRIAD  HIEROBJECT7                                                           
0.000000000000E+00  0.000000000000E+00  -1.000000000000E+00 0.000000000000E+00  
-1.000000000000E+00 -1.776356839400E-15 0.000000000000E+00  0.000000000000E+00  
-1.776356839400E-15 1.0000000000000E+00 0.000000000000E+00  0.000000000000E+00  
2.7761082132087E+02 4.4613362253638E+01 2.2362440381244E+02 1.0000000000000E+00 
HIEROBJ  EHIEROBJECT41                                      NONE                
JFCTRIAD  HIEROBJECT7                                                           
4.4408920985006E-16 -4.440892098501E-16 1.0000000000000E+00 0.000000000000E+00  
1.0000000000000E+00 0.000000000000E+00  -4.440892098501E-16 0.000000000000E+00  
0.000000000000E+00  1.0000000000000E+00 4.4408920985006E-16 0.000000000000E+00  
0.000000000000E+00  0.000000000000E+00  0.000000000000E+00  1.0000000000000E+00 
HIEROBJ  EHIEROBJECT42                                      NONE                
JFCTRIAD  HIEROBJECT7                                                           
8.8817841970012E-16 -8.881784197001E-16 1.0000000000000E+00 0.000000000000E+00  
1.0000000000000E+00 0.000000000000E+00  -8.881784197001E-16 0.000000000000E+00  
0.000000000000E+00  1.0000000000000E+00 8.8817841970012E-16 0.000000000000E+00  
2.7761082132087E+02 6.0361393749606E+01 2.2362440381260E+02 1.0000000000000E+00 
HIEROBJ  EHIEROBJECT43                                      NONE                
JFCTRIAD  HIEROBJECT9                                                           
0.000000000000E+00  8.8817841970013E-16 -1.000000000000E+00 0.000000000000E+00  
-1.000000000000E+00 -1.776356839400E-15 0.000000000000E+00  0.000000000000E+00  
-1.776356839400E-15 1.0000000000000E+00 8.8817841970013E-16 0.000000000000E+00  
2.7761082132087E+02 7.6109425245764E+01 2.2362440381244E+02 1.0000000000000E+00 
HIEROBJ  EHIEROBJECT44                                      NONE                
JFCTRIAD  HIEROBJECT9                                                           
0.000000000000E+00  0.000000000000E+00  1.0000000000000E+00 0.000000000000E+00  
-1.000000000000E+00 -1.776356839400E-15 0.000000000000E+00  0.000000000000E+00  
1.7763568394003E-15 -1.000000000000E+00 0.000000000000E+00  0.000000000000E+00  
2.9461134840462E+02 7.6609425245764E+01 2.1937476753043E+02 1.0000000000000E+00 
HIEROBJ  EHIEROBJECT45                                      NONE                
JFCTRIAD  HIEROBJECT9                                                           
0.000000000000E+00  0.000000000000E+00  1.0000000000000E+00 0.000000000000E+00  
-1.000000000000E+00 -1.776356839400E-15 0.000000000000E+00  0.000000000000E+00  
1.7763568394003E-15 -1.000000000000E+00 0.000000000000E+00  0.000000000000E+00  
2.6223640276998E+02 7.6609425245764E+01 2.1137516765033E+02 1.0000000000000E+00 
HIEROBJ  EHIEROBJECT46                                      NONE                
JFCTRIAD  HIEROBJECT9                                                           
0.000000000000E+00  1.0000000000000E+00 0.000000000000E+00  0.000000000000E+00  
-2.547961640204E-01 0.000000000000E+00  9.6699478530160E-01 0.000000000000E+00  
9.6699478530160E-01 0.000000000000E+00  2.5479616402042E-01 0.000000000000E+00  
0.000000000000E+00  0.000000000000E+00  0.000000000000E+00  1.0000000000000E+00 
HIEROBJ  EHIEROBJECT47                                      NONE                
JFCTRIAD  HIEROBJECT9                                                           
0.000000000000E+00  1.0000000000000E+00 0.000000000000E+00  0.000000000000E+00  
-2.547961640204E-01 0.000000000000E+00  9.6699478530160E-01 0.000000000000E+00  
9.6699478530160E-01 0.000000000000E+00  2.5479616402042E-01 0.000000000000E+00  
2.7756921504488E+02 7.6359425245669E+01 2.1925928635276E+02 1.0000000000000E+00 
HIEROBJ  EHIEROBJECT48                                      NONE                
JFCTRIAD  HIEROBJECT11                                                          
0.000000000000E+00  0.000000000000E+00  -1.000000000000E+00 0.000000000000E+00  
-1.000000000000E+00 -1.776356839400E-15 0.000000000000E+00  0.000000000000E+00  
-1.776356839400E-15 1.0000000000000E+00 0.000000000000E+00  0.000000000000E+00  
2.7761082132087E+02 4.4613362253638E+01 2.2362440381244E+02 1.0000000000000E+00 
HIEROBJ  EHIEROBJECT49                                      NONE                
JFCTRIAD  HIEROBJECT11                                                          
0.000000000000E+00  0.000000000000E+00  -1.000000000000E+00 0.000000000000E+00  
-1.000000000000E+00 -1.776356839400E-15 0.000000000000E+00  0.000000000000E+00  
-1.776356839400E-15 1.0000000000000E+00 0.000000000000E+00  0.000000000000E+00  
2.9461134840462E+02 4.4113362253638E+01 2.1937476753043E+02 1.0000000000000E+00 
HIEROBJ  EHIEROBJECT50                                      NONE                
JFCTRIAD  HIEROBJECT11                                                          
0.000000000000E+00  8.8817841970013E-16 -1.000000000000E+00 0.000000000000E+00  
-1.000000000000E+00 -1.776356839400E-15 0.000000000000E+00  0.000000000000E+00  
-1.776356839400E-15 1.0000000000000E+00 8.8817841970013E-16 0.000000000000E+00  
2.6223640276998E+02 4.4113362253638E+01 2.1137516765033E+02 1.0000000000000E+00 
HIEROBJ  EHIEROBJECT51                                      NONE                
JFCTRIAD  HIEROBJECT11                                                          
0.000000000000E+00  1.0000000000000E+00 0.000000000000E+00  0.000000000000E+00  
-2.547961640204E-01 0.000000000000E+00  9.6699478530160E-01 0.000000000000E+00  
9.6699478530160E-01 0.000000000000E+00  2.5479616402042E-01 0.000000000000E+00  
0.000000000000E+00  0.000000000000E+00  0.000000000000E+00  1.0000000000000E+00 
HIEROBJ  EHIEROBJECT52                                      NONE                
JFCTRIAD  HIEROBJECT11                                                          
0.000000000000E+00  1.0000000000000E+00 0.000000000000E+00  0.000000000000E+00  
-2.547961640204E-01 0.000000000000E+00  9.6699478530160E-01 0.000000000000E+00  
9.6699478530160E-01 0.000000000000E+00  2.5479616402042E-01 0.000000000000E+00  
2.7756921504488E+02 4.4363362253543E+01 2.1925928635276E+02 1.0000000000000E+00 
HIEROBJ  EHIEROBJECT53                                      NONE                
JFCTRIAD  HIEROBJECT13                                                          
0.000000000000E+00  -8.881784197001E-16 1.0000000000000E+00 0.000000000000E+00  
-1.000000000000E+00 -1.776356839400E-15 0.000000000000E+00  0.000000000000E+00  
1.7763568394003E-15 -1.000000000000E+00 -8.881784197001E-16 0.000000000000E+00  
2.8185740850076E+02 7.7109425245764E+01 2.1137516765033E+02 1.0000000000000E+00 
HIEROBJ  EHIEROBJECT54                                      NONE                
JFCTRIAD  HIEROBJECT13                                                          
0.000000000000E+00  1.0000000000000E+00 0.000000000000E+00  0.000000000000E+00  
-4.440892098501E-16 0.000000000000E+00  1.0000000000000E+00 0.000000000000E+00  
1.0000000000000E+00 0.000000000000E+00  4.4408920985006E-16 0.000000000000E+00  
0.000000000000E+00  0.000000000000E+00  0.000000000000E+00  1.0000000000000E+00 
HIEROBJ  EHIEROBJECT55                                      NONE                
JFCTRIAD  HIEROBJECT13                                                          
0.000000000000E+00  1.0000000000000E+00 0.000000000000E+00  0.000000000000E+00  
-8.881784197001E-16 0.000000000000E+00  1.0000000000000E+00 0.000000000000E+00  
1.0000000000000E+00 0.000000000000E+00  8.8817841970012E-16 0.000000000000E+00  
2.8185740850079E+02 7.9609425245669E+01 2.1137516765039E+02 1.0000000000000E+00 
HIEROBJ  EHIEROBJECT56                                      NONE                
JFCTRIAD  HIEROBJECT15                                                          
0.000000000000E+00  -8.881784197001E-16 -1.000000000000E+00 0.000000000000E+00  
-1.000000000000E+00 -2.664535259100E-15 0.000000000000E+00  0.000000000000E+00  
-2.664535259100E-15 1.0000000000000E+00 -8.881784197001E-16 0.000000000000E+00  
3.0147922479262E+02 7.7109425245764E+01 2.1137516765033E+02 1.0000000000000E+00 
HIEROBJ  EHIEROBJECT57                                      NONE                
JFCTRIAD  HIEROBJECT15                                                          
2.2204460492503E-16 1.0000000000000E+00 1.2246467991474E-16 0.000000000000E+00  
1.0000000000000E+00 -2.220446049250E-16 0.000000000000E+00  0.000000000000E+00  
0.000000000000E+00  1.2246467991474E-16 -1.000000000000E+00 0.000000000000E+00  
0.000000000000E+00  0.000000000000E+00  0.000000000000E+00  1.0000000000000E+00 
HIEROBJ  EHIEROBJECT58                                      NONE                
JFCTRIAD  HIEROBJECT15                                                          
0.000000000000E+00  1.0000000000000E+00 0.000000000000E+00  0.000000000000E+00  
1.0000000000000E+00 0.000000000000E+00  0.000000000000E+00  0.000000000000E+00  
0.000000000000E+00  0.000000000000E+00  -1.000000000000E+00 0.000000000000E+00  
3.0147922479252E+02 7.9609425245669E+01 2.1137516765039E+02 1.0000000000000E+00 
HIEROBJ  EHIEROBJECT59                                      NONE                
JFCTRIAD  HIEROBJECT17                                                          
0.000000000000E+00  0.000000000000E+00  1.0000000000000E+00 0.000000000000E+00  
-1.000000000000E+00 -1.776356839400E-15 0.000000000000E+00  0.000000000000E+00  
1.7763568394003E-15 -1.000000000000E+00 0.000000000000E+00  0.000000000000E+00  
2.6223640276998E+02 7.6609425245764E+01 2.1137516765033E+02 1.0000000000000E+00 
HIEROBJ  EHIEROBJECT60                                      NONE                
JFCTRIAD  HIEROBJECT17                                                          
0.000000000000E+00  1.0000000000000E+00 0.000000000000E+00  0.000000000000E+00  
-4.440892098501E-16 0.000000000000E+00  1.0000000000000E+00 0.000000000000E+00  
1.0000000000000E+00 0.000000000000E+00  4.4408920985006E-16 0.000000000000E+00  
0.000000000000E+00  0.000000000000E+00  0.000000000000E+00  1.0000000000000E+00 
HIEROBJ  EHIEROBJECT61                                      NONE                
JFCTRIAD  HIEROBJECT17                                                          
0.000000000000E+00  1.0000000000000E+00 0.000000000000E+00  0.000000000000E+00  
-8.881784197001E-16 0.000000000000E+00  1.0000000000000E+00 0.000000000000E+00  
1.0000000000000E+00 0.000000000000E+00  8.8817841970012E-16 0.000000000000E+00  
2.6223640277008E+02 7.9109425245669E+01 2.1137516765039E+02 1.0000000000000E+00 
HIEROBJ  EHIEROBJECT62                                      NONE                
JFCTRIAD  HIEROBJECT19                                                          
0.000000000000E+00  8.8817841970012E-16 1.0000000000000E+00 0.000000000000E+00  
-1.000000000000E+00 -1.776356839400E-15 0.000000000000E+00  0.000000000000E+00  
1.7763568394002E-15 -1.000000000000E+00 8.8817841970012E-16 0.000000000000E+00  
2.8185740850076E+02 4.3613362253638E+01 2.1137516765033E+02 1.0000000000000E+00 
HIEROBJ  EHIEROBJECT63                                      NONE                
JFCTRIAD  HIEROBJECT19                                                          
2.2204460492503E-16 1.0000000000000E+00 1.2246467991474E-16 0.000000000000E+00  
1.0000000000000E+00 -2.220446049250E-16 0.000000000000E+00  0.000000000000E+00  
0.000000000000E+00  1.2246467991474E-16 -1.000000000000E+00 0.000000000000E+00  
0.000000000000E+00  0.000000000000E+00  0.000000000000E+00  1.0000000000000E+00 
HIEROBJ  EHIEROBJECT64                                      NONE                
JFCTRIAD  HIEROBJECT19                                                          
0.000000000000E+00  1.0000000000000E+00 2.2204460492503E-16 0.000000000000E+00  
1.0000000000000E+00 0.000000000000E+00  0.000000000000E+00  0.000000000000E+00  
0.000000000000E+00  2.2204460492503E-16 -1.000000000000E+00 0.000000000000E+00  
2.8185740850079E+02 4.1113362253543E+01 2.1137516765039E+02 1.0000000000000E+00 
HIEROBJ  EHIEROBJECT65                                      NONE                
JFCTRIAD  HIEROBJECT21                                                          
8.8817841970012E-16 8.8817841970013E-16 1.0000000000000E+00 0.000000000000E+00  
-1.000000000000E+00 -8.881784197001E-16 8.8817841970012E-16 0.000000000000E+00  
8.8817841970012E-16 -1.000000000000E+00 8.8817841970012E-16 0.000000000000E+00  
3.0147922479262E+02 4.3613362253638E+01 2.1137516765033E+02 1.0000000000000E+00 
HIEROBJ  EHIEROBJECT66                                      NONE                
JFCTRIAD  HIEROBJECT21                                                          
0.000000000000E+00  1.0000000000000E+00 0.000000000000E+00  0.000000000000E+00  
-4.440892098501E-16 0.000000000000E+00  1.0000000000000E+00 0.000000000000E+00  
1.0000000000000E+00 0.000000000000E+00  4.4408920985006E-16 0.000000000000E+00  
0.000000000000E+00  0.000000000000E+00  0.000000000000E+00  1.0000000000000E+00 
HIEROBJ  EHIEROBJECT67                                      NONE                
JFCTRIAD  HIEROBJECT21                                                          
0.000000000000E+00  1.0000000000000E+00 0.000000000000E+00  0.000000000000E+00  
-8.881784197001E-16 0.000000000000E+00  1.0000000000000E+00 0.000000000000E+00  
1.0000000000000E+00 0.000000000000E+00  8.8817841970013E-16 0.000000000000E+00  
3.0147922479252E+02 4.1113362253543E+01 2.1137516765039E+02 1.0000000000000E+00 
HIEROBJ  EHIEROBJECT68                                      NONE                
JFCTRIAD  HIEROBJECT23                                                          
0.000000000000E+00  8.8817841970013E-16 -1.000000000000E+00 0.000000000000E+00  
-1.000000000000E+00 -1.776356839400E-15 0.000000000000E+00  0.000000000000E+00  
-1.776356839400E-15 1.0000000000000E+00 8.8817841970013E-16 0.000000000000E+00  
2.6223640276998E+02 4.4113362253638E+01 2.1137516765033E+02 1.0000000000000E+00 
HIEROBJ  EHIEROBJECT69                                      NONE                
JFCTRIAD  HIEROBJECT23                                                          
2.2204460492503E-16 1.0000000000000E+00 1.2246467991474E-16 0.000000000000E+00  
1.0000000000000E+00 -2.220446049250E-16 0.000000000000E+00  0.000000000000E+00  
0.000000000000E+00  1.2246467991474E-16 -1.000000000000E+00 0.000000000000E+00  
0.000000000000E+00  0.000000000000E+00  0.000000000000E+00  1.0000000000000E+00 
HIEROBJ  EHIEROBJECT70                                      NONE                
JFCTRIAD  HIEROBJECT23                                                          
0.000000000000E+00  1.0000000000000E+00 2.2204460492503E-16 0.000000000000E+00  
1.0000000000000E+00 0.000000000000E+00  0.000000000000E+00  0.000000000000E+00  
0.000000000000E+00  2.2204460492503E-16 -1.000000000000E+00 0.000000000000E+00  
2.6223640277008E+02 4.1613362253543E+01 2.1137516765039E+02 1.0000000000000E+00 
HIEROBJ  EHIEROBJECT71                                      NONE                
JFCTRIAD  HIEROBJECT25                                                          
1.0000000000000E+00 0.000000000000E+00  0.000000000000E+00  0.000000000000E+00  
0.000000000000E+00  1.0000000000000E+00 0.000000000000E+00  0.000000000000E+00  
0.000000000000E+00  0.000000000000E+00  1.0000000000000E+00 0.000000000000E+00  
0.000000000000E+00  0.000000000000E+00  0.000000000000E+00  1.0000000000000E+00 
NAMEMAP   WORLD               5    5    UTF8 UTF8 ELEMENT                       
WORLD                                                                           
WORLD                                                                           
NAMEMAP   HIEROBJECT1         24   24   UTF8 UTF8 ELEMENT                       
INCLINE30/INCLINE30_NCBF                                                        
INCLINE30/INCLINE30_NCBF                                                        
NAMEMAP   HIEROBJECT2         22   22   UTF8 UTF8 ELEMENT                       
INCLINE30/INCLINE30_cm                                                          
INCLINE30/INCLINE30_cm                                                          
NAMEMAP   HIEROBJECT3         24   24   UTF8 UTF8 ELEMENT                       
SAR_BOGIE/SAR_BOGIE_NCBF                                                        
SAR_BOGIE/SAR_BOGIE_NCBF                                                        
NAMEMAP   HIEROBJECT4         22   22   UTF8 UTF8 ELEMENT                       
SAR_BOGIE/SAR_BOGIE_cm                                                          
SAR_BOGIE/SAR_BOGIE_cm                                                          
NAMEMAP   HIEROBJECT5         28   28   UTF8 UTF8 ELEMENT                       
SAR_BOGIE_1/SAR_BOGIE_1_NCBF                                                    
SAR_BOGIE_1/SAR_BOGIE_1_NCBF                                                    
NAMEMAP   HIEROBJECT6         26   26   UTF8 UTF8 ELEMENT                       
SAR_BOGIE_1/SAR_BOGIE_1_cm                                                      
SAR_BOGIE_1/SAR_BOGIE_1_cm                                                      
NAMEMAP   HIEROBJECT7         28   28   UTF8 UTF8 ELEMENT                       
SAR_CHASSIS/SAR_CHASSIS_NCBF                                                    
SAR_CHASSIS/SAR_CHASSIS_NCBF                                                    
NAMEMAP   HIEROBJECT8         26   26   UTF8 UTF8 ELEMENT                       
SAR_CHASSIS/SAR_CHASSIS_cm                                                      
SAR_CHASSIS/SAR_CHASSIS_cm                                                      
NAMEMAP   HIEROBJECT9         26   26   UTF8 UTF8 ELEMENT                       
SAR_ROCKER/SAR_ROCKER_NCBF                                                      
SAR_ROCKER/SAR_ROCKER_NCBF                                                      
NAMEMAP   HIEROBJECT10        24   24   UTF8 UTF8 ELEMENT                       
SAR_ROCKER/SAR_ROCKER_cm                                                        
SAR_ROCKER/SAR_ROCKER_cm                                                        
NAMEMAP   HIEROBJECT11        30   30   UTF8 UTF8 ELEMENT                       
SAR_ROCKER_1/SAR_ROCKER_1_NCBF                                                  
SAR_ROCKER_1/SAR_ROCKER_1_NCBF                                                  
NAMEMAP   HIEROBJECT12        28   28   UTF8 UTF8 ELEMENT                       
SAR_ROCKER_1/SAR_ROCKER_1_cm                                                    
SAR_ROCKER_1/SAR_ROCKER_1_cm                                                    
NAMEMAP   HIEROBJECT13        26   26   UTF8 UTF8 ELEMENT                       
SAR_WHEELS/SAR_WHEELS_NCBF                                                      
SAR_WHEELS/SAR_WHEELS_NCBF                                                      
NAMEMAP   HIEROBJECT14        24   24   UTF8 UTF8 ELEMENT                       
SAR_WHEELS/SAR_WHEELS_cm                                                        
SAR_WHEELS/SAR_WHEELS_cm                                                        
NAMEMAP   HIEROBJECT15        30   30   UTF8 UTF8 ELEMENT                       
SAR_WHEELS_1/SAR_WHEELS_1_NCBF                                                  
SAR_WHEELS_1/SAR_WHEELS_1_NCBF                                                  
NAMEMAP   HIEROBJECT16        28   28   UTF8 UTF8 ELEMENT                       
SAR_WHEELS_1/SAR_WHEELS_1_cm                                                    
SAR_WHEELS_1/SAR_WHEELS_1_cm                                                    
NAMEMAP   HIEROBJECT17        30   30   UTF8 UTF8 ELEMENT                       
SAR_WHEELS_2/SAR_WHEELS_2_NCBF                                                  
SAR_WHEELS_2/SAR_WHEELS_2_NCBF                                                  
NAMEMAP   HIEROBJECT18        28   28   UTF8 UTF8 ELEMENT                       
SAR_WHEELS_2/SAR_WHEELS_2_cm                                                    
SAR_WHEELS_2/SAR_WHEELS_2_cm                                                    
NAMEMAP   HIEROBJECT19        30   30   UTF8 UTF8 ELEMENT                       
SAR_WHEELS_3/SAR_WHEELS_3_NCBF                                                  
SAR_WHEELS_3/SAR_WHEELS_3_NCBF                                                  
NAMEMAP   HIEROBJECT20        28   28   UTF8 UTF8 ELEMENT                       
